# problem boxqp_n1000
n 1000
lb 1000 -1 -1 -1 -1 -1 -1 -1 -1 -1 -1 -1 -1 -1 -1 -1 -1 -1 -1 -1 -1 -1 -1 -1 -1 -1 -1 -1 -1 -1 -1 -1 -1 -1 -1 -1 -1 -1 -1 -1 -1 -1 -1 -1 -1 -1 -1 -1 -1 -1 -1 -1 -1 -1 -1 -1 -1 -1 -1 -1 -1 -1 -1 -1 -1 -1 -1 -1 -1 -1 -1 -1 -1 -1 -1 -1 -1 -1 -1 -1 -1 -1 -1 -1 -1 -1 -1 -1 -1 -1 -1 -1 -1 -1 -1 -1 -1 -1 -1 -1 -1 -1 -1 -1 -1 -1 -1 -1 -1 -1 -1 -1 -1 -1 -1 -1 -1 -1 -1 -1 -1 -1 -1 -1 -1 -1 -1 -1 -1 -1 -1 -1 -1 -1 -1 -1 -1 -1 -1 -1 -1 -1 -1 -1 -1 -1 -1 -1 -1 -1 -1 -1 -1 -1 -1 -1 -1 -1 -1 -1 -1 -1 -1 -1 -1 -1 -1 -1 -1 -1 -1 -1 -1 -1 -1 -1 -1 -1 -1 -1 -1 -1 -1 -1 -1 -1 -1 -1 -1 -1 -1 -1 -1 -1 -1 -1 -1 -1 -1 -1 -1 -1 -1 -1 -1 -1 -1 -1 -1 -1 -1 -1 -1 -1 -1 -1 -1 -1 -1 -1 -1 -1 -1 -1 -1 -1 -1 -1 -1 -1 -1 -1 -1 -1 -1 -1 -1 -1 -1 -1 -1 -1 -1 -1 -1 -1 -1 -1 -1 -1 -1 -1 -1 -1 -1 -1 -1 -1 -1 -1 -1 -1 -1 -1 -1 -1 -1 -1 -1 -1 -1 -1 -1 -1 -1 -1 -1 -1 -1 -1 -1 -1 -1 -1 -1 -1 -1 -1 -1 -1 -1 -1 -1 -1 -1 -1 -1 -1 -1 -1 -1 -1 -1 -1 -1 -1 -1 -1 -1 -1 -1 -1 -1 -1 -1 -1 -1 -1 -1 -1 -1 -1 -1 -1 -1 -1 -1 -1 -1 -1 -1 -1 -1 -1 -1 -1 -1 -1 -1 -1 -1 -1 -1 -1 -1 -1 -1 -1 -1 -1 -1 -1 -1 -1 -1 -1 -1 -1 -1 -1 -1 -1 -1 -1 -1 -1 -1 -1 -1 -1 -1 -1 -1 -1 -1 -1 -1 -1 -1 -1 -1 -1 -1 -1 -1 -1 -1 -1 -1 -1 -1 -1 -1 -1 -1 -1 -1 -1 -1 -1 -1 -1 -1 -1 -1 -1 -1 -1 -1 -1 -1 -1 -1 -1 -1 -1 -1 -1 -1 -1 -1 -1 -1 -1 -1 -1 -1 -1 -1 -1 -1 -1 -1 -1 -1 -1 -1 -1 -1 -1 -1 -1 -1 -1 -1 -1 -1 -1 -1 -1 -1 -1 -1 -1 -1 -1 -1 -1 -1 -1 -1 -1 -1 -1 -1 -1 -1 -1 -1 -1 -1 -1 -1 -1 -1 -1 -1 -1 -1 -1 -1 -1 -1 -1 -1 -1 -1 -1 -1 -1 -1 -1 -1 -1 -1 -1 -1 -1 -1 -1 -1 -1 -1 -1 -1 -1 -1 -1 -1 -1 -1 -1 -1 -1 -1 -1 -1 -1 -1 -1 -1 -1 -1 -1 -1 -1 -1 -1 -1 -1 -1 -1 -1 -1 -1 -1 -1 -1 -1 -1 -1 -1 -1 -1 -1 -1 -1 -1 -1 -1 -1 -1 -1 -1 -1 -1 -1 -1 -1 -1 -1 -1 -1 -1 -1 -1 -1 -1 -1 -1 -1 -1 -1 -1 -1 -1 -1 -1 -1 -1 -1 -1 -1 -1 -1 -1 -1 -1 -1 -1 -1 -1 -1 -1 -1 -1 -1 -1 -1 -1 -1 -1 -1 -1 -1 -1 -1 -1 -1 -1 -1 -1 -1 -1 -1 -1 -1 -1 -1 -1 -1 -1 -1 -1 -1 -1 -1 -1 -1 -1 -1 -1 -1 -1 -1 -1 -1 -1 -1 -1 -1 -1 -1 -1 -1 -1 -1 -1 -1 -1 -1 -1 -1 -1 -1 -1 -1 -1 -1 -1 -1 -1 -1 -1 -1 -1 -1 -1 -1 -1 -1 -1 -1 -1 -1 -1 -1 -1 -1 -1 -1 -1 -1 -1 -1 -1 -1 -1 -1 -1 -1 -1 -1 -1 -1 -1 -1 -1 -1 -1 -1 -1 -1 -1 -1 -1 -1 -1 -1 -1 -1 -1 -1 -1 -1 -1 -1 -1 -1 -1 -1 -1 -1 -1 -1 -1 -1 -1 -1 -1 -1 -1 -1 -1 -1 -1 -1 -1 -1 -1 -1 -1 -1 -1 -1 -1 -1 -1 -1 -1 -1 -1 -1 -1 -1 -1 -1 -1 -1 -1 -1 -1 -1 -1 -1 -1 -1 -1 -1 -1 -1 -1 -1 -1 -1 -1 -1 -1 -1 -1 -1 -1 -1 -1 -1 -1 -1 -1 -1 -1 -1 -1 -1 -1 -1 -1 -1 -1 -1 -1 -1 -1 -1 -1 -1 -1 -1 -1 -1 -1 -1 -1 -1 -1 -1 -1 -1 -1 -1 -1 -1 -1 -1 -1 -1 -1 -1 -1 -1 -1 -1 -1 -1 -1 -1 -1 -1 -1 -1 -1 -1 -1 -1 -1 -1 -1 -1 -1 -1 -1 -1 -1 -1 -1 -1 -1 -1 -1 -1 -1 -1 -1 -1 -1 -1 -1 -1 -1 -1 -1 -1 -1 -1 -1 -1 -1 -1 -1 -1 -1 -1 -1 -1 -1 -1 -1 -1 -1 -1 -1 -1 -1 -1 -1 -1 -1 -1 -1 -1 -1 -1 -1 -1 -1 -1 -1 -1 -1 -1 -1 -1 -1 -1 -1 -1 -1 -1 -1 -1 -1 -1 -1 -1 -1 -1 -1 -1 -1 -1 -1 -1 -1 -1 -1 -1 -1 -1 -1 -1 -1 -1 -1 -1 -1 -1 -1 -1 -1 -1 -1 -1 -1 -1 -1 -1 -1 -1 -1 -1 -1 -1 -1 -1 -1 -1 -1 -1 -1 -1 -1 -1 -1 -1 -1 -1 -1 -1 -1 -1 -1 -1 -1 -1 -1 -1 -1 -1 -1 -1 -1 -1 -1 -1 -1 -1 -1 -1 -1 -1 -1 -1
ub 1000 1 1 1 1 1 1 1 1 1 1 1 1 1 1 1 1 1 1 1 1 1 1 1 1 1 1 1 1 1 1 1 1 1 1 1 1 1 1 1 1 1 1 1 1 1 1 1 1 1 1 1 1 1 1 1 1 1 1 1 1 1 1 1 1 1 1 1 1 1 1 1 1 1 1 1 1 1 1 1 1 1 1 1 1 1 1 1 1 1 1 1 1 1 1 1 1 1 1 1 1 1 1 1 1 1 1 1 1 1 1 1 1 1 1 1 1 1 1 1 1 1 1 1 1 1 1 1 1 1 1 1 1 1 1 1 1 1 1 1 1 1 1 1 1 1 1 1 1 1 1 1 1 1 1 1 1 1 1 1 1 1 1 1 1 1 1 1 1 1 1 1 1 1 1 1 1 1 1 1 1 1 1 1 1 1 1 1 1 1 1 1 1 1 1 1 1 1 1 1 1 1 1 1 1 1 1 1 1 1 1 1 1 1 1 1 1 1 1 1 1 1 1 1 1 1 1 1 1 1 1 1 1 1 1 1 1 1 1 1 1 1 1 1 1 1 1 1 1 1 1 1 1 1 1 1 1 1 1 1 1 1 1 1 1 1 1 1 1 1 1 1 1 1 1 1 1 1 1 1 1 1 1 1 1 1 1 1 1 1 1 1 1 1 1 1 1 1 1 1 1 1 1 1 1 1 1 1 1 1 1 1 1 1 1 1 1 1 1 1 1 1 1 1 1 1 1 1 1 1 1 1 1 1 1 1 1 1 1 1 1 1 1 1 1 1 1 1 1 1 1 1 1 1 1 1 1 1 1 1 1 1 1 1 1 1 1 1 1 1 1 1 1 1 1 1 1 1 1 1 1 1 1 1 1 1 1 1 1 1 1 1 1 1 1 1 1 1 1 1 1 1 1 1 1 1 1 1 1 1 1 1 1 1 1 1 1 1 1 1 1 1 1 1 1 1 1 1 1 1 1 1 1 1 1 1 1 1 1 1 1 1 1 1 1 1 1 1 1 1 1 1 1 1 1 1 1 1 1 1 1 1 1 1 1 1 1 1 1 1 1 1 1 1 1 1 1 1 1 1 1 1 1 1 1 1 1 1 1 1 1 1 1 1 1 1 1 1 1 1 1 1 1 1 1 1 1 1 1 1 1 1 1 1 1 1 1 1 1 1 1 1 1 1 1 1 1 1 1 1 1 1 1 1 1 1 1 1 1 1 1 1 1 1 1 1 1 1 1 1 1 1 1 1 1 1 1 1 1 1 1 1 1 1 1 1 1 1 1 1 1 1 1 1 1 1 1 1 1 1 1 1 1 1 1 1 1 1 1 1 1 1 1 1 1 1 1 1 1 1 1 1 1 1 1 1 1 1 1 1 1 1 1 1 1 1 1 1 1 1 1 1 1 1 1 1 1 1 1 1 1 1 1 1 1 1 1 1 1 1 1 1 1 1 1 1 1 1 1 1 1 1 1 1 1 1 1 1 1 1 1 1 1 1 1 1 1 1 1 1 1 1 1 1 1 1 1 1 1 1 1 1 1 1 1 1 1 1 1 1 1 1 1 1 1 1 1 1 1 1 1 1 1 1 1 1 1 1 1 1 1 1 1 1 1 1 1 1 1 1 1 1 1 1 1 1 1 1 1 1 1 1 1 1 1 1 1 1 1 1 1 1 1 1 1 1 1 1 1 1 1 1 1 1 1 1 1 1 1 1 1 1 1 1 1 1 1 1 1 1 1 1 1 1 1 1 1 1 1 1 1 1 1 1 1 1 1 1 1 1 1 1 1 1 1 1 1 1 1 1 1 1 1 1 1 1 1 1 1 1 1 1 1 1 1 1 1 1 1 1 1 1 1 1 1 1 1 1 1 1 1 1 1 1 1 1 1 1 1 1 1 1 1 1 1 1 1 1 1 1 1 1 1 1 1 1 1 1 1 1 1 1 1 1 1 1 1 1 1 1 1 1 1 1 1 1 1 1 1 1 1 1 1 1 1 1 1 1 1 1 1 1 1 1 1 1 1 1 1 1 1 1 1 1 1 1 1 1 1 1 1 1 1 1 1 1 1 1 1 1 1 1 1 1 1 1 1 1 1 1 1 1 1 1 1 1 1 1 1 1 1 1 1 1 1 1 1 1 1 1 1 1 1 1 1 1 1 1 1 1 1 1 1 1 1 1 1 1 1 1 1 1 1 1 1 1 1 1 1 1 1 1 1 1 1 1 1 1 1 1 1 1 1 1 1 1 1 1 1 1 1
x0 1000 0 0 0 0 0 0 0 0 0 0 0 0 0 0 0 0 0 0 0 0 0 0 0 0 0 0 0 0 0 0 0 0 0 0 0 0 0 0 0 0 0 0 0 0 0 0 0 0 0 0 0 0 0 0 0 0 0 0 0 0 0 0 0 0 0 0 0 0 0 0 0 0 0 0 0 0 0 0 0 0 0 0 0 0 0 0 0 0 0 0 0 0 0 0 0 0 0 0 0 0 0 0 0 0 0 0 0 0 0 0 0 0 0 0 0 0 0 0 0 0 0 0 0 0 0 0 0 0 0 0 0 0 0 0 0 0 0 0 0 0 0 0 0 0 0 0 0 0 0 0 0 0 0 0 0 0 0 0 0 0 0 0 0 0 0 0 0 0 0 0 0 0 0 0 0 0 0 0 0 0 0 0 0 0 0 0 0 0 0 0 0 0 0 0 0 0 0 0 0 0 0 0 0 0 0 0 0 0 0 0 0 0 0 0 0 0 0 0 0 0 0 0 0 0 0 0 0 0 0 0 0 0 0 0 0 0 0 0 0 0 0 0 0 0 0 0 0 0 0 0 0 0 0 0 0 0 0 0 0 0 0 0 0 0 0 0 0 0 0 0 0 0 0 0 0 0 0 0 0 0 0 0 0 0 0 0 0 0 0 0 0 0 0 0 0 0 0 0 0 0 0 0 0 0 0 0 0 0 0 0 0 0 0 0 0 0 0 0 0 0 0 0 0 0 0 0 0 0 0 0 0 0 0 0 0 0 0 0 0 0 0 0 0 0 0 0 0 0 0 0 0 0 0 0 0 0 0 0 0 0 0 0 0 0 0 0 0 0 0 0 0 0 0 0 0 0 0 0 0 0 0 0 0 0 0 0 0 0 0 0 0 0 0 0 0 0 0 0 0 0 0 0 0 0 0 0 0 0 0 0 0 0 0 0 0 0 0 0 0 0 0 0 0 0 0 0 0 0 0 0 0 0 0 0 0 0 0 0 0 0 0 0 0 0 0 0 0 0 0 0 0 0 0 0 0 0 0 0 0 0 0 0 0 0 0 0 0 0 0 0 0 0 0 0 0 0 0 0 0 0 0 0 0 0 0 0 0 0 0 0 0 0 0 0 0 0 0 0 0 0 0 0 0 0 0 0 0 0 0 0 0 0 0 0 0 0 0 0 0 0 0 0 0 0 0 0 0 0 0 0 0 0 0 0 0 0 0 0 0 0 0 0 0 0 0 0 0 0 0 0 0 0 0 0 0 0 0 0 0 0 0 0 0 0 0 0 0 0 0 0 0 0 0 0 0 0 0 0 0 0 0 0 0 0 0 0 0 0 0 0 0 0 0 0 0 0 0 0 0 0 0 0 0 0 0 0 0 0 0 0 0 0 0 0 0 0 0 0 0 0 0 0 0 0 0 0 0 0 0 0 0 0 0 0 0 0 0 0 0 0 0 0 0 0 0 0 0 0 0 0 0 0 0 0 0 0 0 0 0 0 0 0 0 0 0 0 0 0 0 0 0 0 0 0 0 0 0 0 0 0 0 0 0 0 0 0 0 0 0 0 0 0 0 0 0 0 0 0 0 0 0 0 0 0 0 0 0 0 0 0 0 0 0 0 0 0 0 0 0 0 0 0 0 0 0 0 0 0 0 0 0 0 0 0 0 0 0 0 0 0 0 0 0 0 0 0 0 0 0 0 0 0 0 0 0 0 0 0 0 0 0 0 0 0 0 0 0 0 0 0 0 0 0 0 0 0 0 0 0 0 0 0 0 0 0 0 0 0 0 0 0 0 0 0 0 0 0 0 0 0 0 0 0 0 0 0 0 0 0 0 0 0 0 0 0 0 0 0 0 0 0 0 0 0 0 0 0 0 0 0 0 0 0 0 0 0 0 0 0 0 0 0 0 0 0 0 0 0 0 0 0 0 0 0 0 0 0 0 0 0 0 0 0 0 0 0 0 0 0 0 0 0 0 0 0 0 0 0 0 0 0 0 0 0 0 0 0 0 0 0 0 0 0 0 0 0 0 0 0 0 0 0 0 0 0 0 0 0 0 0 0 0 0 0 0 0 0 0 0 0 0 0 0 0 0 0 0 0 0 0 0 0 0 0 0 0 0 0 0 0 0 0 0 0 0 0 0 0 0 0 0 0 0 0 0 0 0 0 0 0 0 0 0 0 0 0 0 0 0 0 0 0 0 0 0 0 0 0 0 0 0 0 0 0 0 0 0 0 0 0 0 0 0 0 0 0 0 0 0 0
A_diag 1000 2.5 4.5 6.5 3 5 7 3.5 5.5 7.5 4 6 2.5 4.5 6.5 3 5 7 3.5 5.5 7.5 4 6 2.5 4.5 6.5 3 5 7 3.5 5.5 7.5 4 6 2.5 4.5 6.5 3 5 7 3.5 5.5 7.5 4 6 2.5 4.5 6.5 3 5 7 3.5 5.5 7.5 4 6 2.5 4.5 6.5 3 5 7 3.5 5.5 7.5 4 6 2.5 4.5 6.5 3 5 7 3.5 5.5 7.5 4 6 2.5 4.5 6.5 3 5 7 3.5 5.5 7.5 4 6 2.5 4.5 6.5 3 5 7 3.5 5.5 7.5 4 6 2.5 4.5 6.5 3 5 7 3.5 5.5 7.5 4 6 2.5 4.5 6.5 3 5 7 3.5 5.5 7.5 4 6 2.5 4.5 6.5 3 5 7 3.5 5.5 7.5 4 6 2.5 4.5 6.5 3 5 7 3.5 5.5 7.5 4 6 2.5 4.5 6.5 3 5 7 3.5 5.5 7.5 4 6 2.5 4.5 6.5 3 5 7 3.5 5.5 7.5 4 6 2.5 4.5 6.5 3 5 7 3.5 5.5 7.5 4 6 2.5 4.5 6.5 3 5 7 3.5 5.5 7.5 4 6 2.5 4.5 6.5 3 5 7 3.5 5.5 7.5 4 6 2.5 4.5 6.5 3 5 7 3.5 5.5 7.5 4 6 2.5 4.5 6.5 3 5 7 3.5 5.5 7.5 4 6 2.5 4.5 6.5 3 5 7 3.5 5.5 7.5 4 6 2.5 4.5 6.5 3 5 7 3.5 5.5 7.5 4 6 2.5 4.5 6.5 3 5 7 3.5 5.5 7.5 4 6 2.5 4.5 6.5 3 5 7 3.5 5.5 7.5 4 6 2.5 4.5 6.5 3 5 7 3.5 5.5 7.5 4 6 2.5 4.5 6.5 3 5 7 3.5 5.5 7.5 4 6 2.5 4.5 6.5 3 5 7 3.5 5.5 7.5 4 6 2.5 4.5 6.5 3 5 7 3.5 5.5 7.5 4 6 2.5 4.5 6.5 3 5 7 3.5 5.5 7.5 4 6 2.5 4.5 6.5 3 5 7 3.5 5.5 7.5 4 6 2.5 4.5 6.5 3 5 7 3.5 5.5 7.5 4 6 2.5 4.5 6.5 3 5 7 3.5 5.5 7.5 4 6 2.5 4.5 6.5 3 5 7 3.5 5.5 7.5 4 6 2.5 4.5 6.5 3 5 7 3.5 5.5 7.5 4 6 2.5 4.5 6.5 3 5 7 3.5 5.5 7.5 4 6 2.5 4.5 6.5 3 5 7 3.5 5.5 7.5 4 6 2.5 4.5 6.5 3 5 7 3.5 5.5 7.5 4 6 2.5 4.5 6.5 3 5 7 3.5 5.5 7.5 4 6 2.5 4.5 6.5 3 5 7 3.5 5.5 7.5 4 6 2.5 4.5 6.5 3 5 7 3.5 5.5 7.5 4 6 2.5 4.5 6.5 3 5 7 3.5 5.5 7.5 4 6 2.5 4.5 6.5 3 5 7 3.5 5.5 7.5 4 6 2.5 4.5 6.5 3 5 7 3.5 5.5 7.5 4 6 2.5 4.5 6.5 3 5 7 3.5 5.5 7.5 4 6 2.5 4.5 6.5 3 5 7 3.5 5.5 7.5 4 6 2.5 4.5 6.5 3 5 7 3.5 5.5 7.5 4 6 2.5 4.5 6.5 3 5 7 3.5 5.5 7.5 4 6 2.5 4.5 6.5 3 5 7 3.5 5.5 7.5 4 6 2.5 4.5 6.5 3 5 7 3.5 5.5 7.5 4 6 2.5 4.5 6.5 3 5 7 3.5 5.5 7.5 4 6 2.5 4.5 6.5 3 5 7 3.5 5.5 7.5 4 6 2.5 4.5 6.5 3 5 7 3.5 5.5 7.5 4 6 2.5 4.5 6.5 3 5 7 3.5 5.5 7.5 4 6 2.5 4.5 6.5 3 5 7 3.5 5.5 7.5 4 6 2.5 4.5 6.5 3 5 7 3.5 5.5 7.5 4 6 2.5 4.5 6.5 3 5 7 3.5 5.5 7.5 4 6 2.5 4.5 6.5 3 5 7 3.5 5.5 7.5 4 6 2.5 4.5 6.5 3 5 7 3.5 5.5 7.5 4 6 2.5 4.5 6.5 3 5 7 3.5 5.5 7.5 4 6 2.5 4.5 6.5 3 5 7 3.5 5.5 7.5 4 6 2.5 4.5 6.5 3 5 7 3.5 5.5 7.5 4 6 2.5 4.5 6.5 3 5 7 3.5 5.5 7.5 4 6 2.5 4.5 6.5 3 5 7 3.5 5.5 7.5 4 6 2.5 4.5 6.5 3 5 7 3.5 5.5 7.5 4 6 2.5 4.5 6.5 3 5 7 3.5 5.5 7.5 4 6 2.5 4.5 6.5 3 5 7 3.5 5.5 7.5 4 6 2.5 4.5 6.5 3 5 7 3.5 5.5 7.5 4 6 2.5 4.5 6.5 3 5 7 3.5 5.5 7.5 4 6 2.5 4.5 6.5 3 5 7 3.5 5.5 7.5 4 6 2.5 4.5 6.5 3 5 7 3.5 5.5 7.5 4 6 2.5 4.5 6.5 3 5 7 3.5 5.5 7.5 4 6 2.5 4.5 6.5 3 5 7 3.5 5.5 7.5 4 6 2.5 4.5 6.5 3 5 7 3.5 5.5 7.5 4 6 2.5 4.5 6.5 3 5 7 3.5 5.5 7.5 4 6 2.5 4.5 6.5 3 5 7 3.5 5.5 7.5 4 6 2.5 4.5 6.5 3 5 7 3.5 5.5 7.5 4 6 2.5 4.5 6.5 3 5 7 3.5 5.5 7.5 4 6 2.5 4.5 6.5 3 5 7 3.5 5.5 7.5 4 6 2.5 4.5 6.5 3 5 7 3.5 5.5 7.5 4 6 2.5 4.5 6.5 3 5 7 3.5 5.5 7.5 4 6 2.5 4.5 6.5 3 5 7 3.5 5.5 7.5 4 6 2.5 4.5 6.5 3 5 7 3.5 5.5 7.5 4 6 2.5 4.5 6.5 3 5 7 3.5 5.5 7.5 4 6 2.5 4.5 6.5 3 5 7 3.5 5.5 7.5 4 6 2.5 4.5 6.5 3 5 7 3.5 5.5 7.5 4 6 2.5 4.5 6.5 3 5 7 3.5 5.5 7.5 4 6 2.5 4.5 6.5 3 5 7 3.5 5.5 7.5 4 6 2.5 4.5 6.5 3 5 7 3.5 5.5 7.5 4 6 2.5 4.5 6.5 3 5 7 3.5 5.5 7.5 4 6 2.5 4.5 6.5 3 5 7 3.5 5.5 7.5 4 6 2.5 4.5 6.5 3 5 7 3.5 5.5 7.5 4
A_offdiag -1
b 1000 -3.75 5.9375 -0.40625 0.375 -7.0625 8.625 -0.4375 0.1875 -9.375 5.0625 0.1875 0.65625 -6.1875 7.75 -0.25 0.75 -8.5 4.9375 0.65625 1.15625 -5.3125 6.875 -0.1875 1.1875 -8.875 4.0625 1 1.875 -5.6875 6.75 2.5 1.5 -8 4.25 -3.5625 3.53125 -4.8125 6.9375 -4.4375 2.75 -7.125 9.625 -2.9375 4 -5.1875 6.0625 -3.53125 2.8125 -7.5 8.75 -1.375 -1.5 -8.75 5.9375 -1.6875 0.09375 -5.5625 7.875 -1 -0.75 -7.875 5.0625 -1.03125 -1.28125 -5.9375 7.75 -0.75 -0.125 -8.25 4.1875 -0.5 -0.375 -5.0625 6.875 0.0625 0.375 -7.375 4.0625 -0.09375 0.40625 -4.1875 6 0.75 0.75 -7.75 8.6875 0.1875 1.0625 -4.5625 5.875 1.3125 1 -6.875 7.8125 0.34375 1.59375 -9.1875 5 1.75 1.125 -6 8.75 -2.8125 3.0625 -9.5625 5.1875 -3.78125 4.25 -6.375 7.875 -2.375 3.34375 -8.6875 5.0625 -3.0625 4.8125 -5.5 7 -2.375 -0.75 -6.75 4.1875 -1.40625 -1.65625 -4.8125 6.875 -1.5 -0.1875 -7.125 8.8125 -0.9375 -0.8125 -3.9375 6 -0.75 0.25 -6.25 8.6875 -0.59375 -0.09375 -8.5625 5.125 -0.125 0.5625 -6.625 7.8125 -0.375 0.5 -8.9375 5 0.375 0.75 -5.75 6.9375 -0.28125 0.96875 -8.0625 4.125 0.75 1.5 -4.875 6.8125 2.09375 1.3125 -8.4375 3.25 1 2.125 -5.25 7 -4.8125 2.59375 -7.5625 9.6875 -3.125 3.6875 -4.375 6.125 -3.875 2.6875 -6.6875 8.8125 -2.59375 4.0625 -10.25 6 -2 0 -6 7.9375 -1.125 -1 -8.3125 5.125 -1.3125 -1.6875 -5.125 7.8125 -0.84375 -0.34375 -7.4375 4.25 -0.75 -0.75 -5.5 6.9375 -0.34375 0.1875 -7.8125 4.125 -0.3125 0.0625 -4.625 6.0625 0.375 0.59375 -6.9375 8.75 0 0.75 -3.75 5.9375 0.96875 0.875 -7.3125 7.875 0.1875 1.3125 -9.625 5.0625 1.4375 1.03125 -6.4375 7.75 0.25 1.75 -8.75 5.25 -4.0625 3.84375 -5.5625 7.9375 -2.46875 3.125 -9.125 5.125 -3.3125 4.4375 -5.9375 7.0625 -3.84375 3.3125 -8.25 4.25 -1.625 -2 -4 6.9375 -1.875 -0.34375 -6.3125 8.875 -1.125 -1.125 -4.375 6.0625 -1.09375 0.125 -6.6875 8.75 -0.75 -0.375 -9 5.1875 -0.4375 0.46875 -5.8125 7.875 -0.5 0.25 -8.125 5.0625 0.09375 0.34375 -6.1875 7 -0.375 0.75 -8.5 4.1875 0.5 1.125 -5.3125 6.875 1.6875 1.125 -7.625 3.3125 0.78125 1.78125 -4.4375 6 2.25 1.375 -8 9.75 -3.3125 3.375 -4.8125 6.1875 -4.21875 2.5625 -7.125 8.875 -2.75 3.78125 -9.4375 6.0625 -3.375 2.5625 -6.25 8 -1.25 -1.25 -8.75 5.1875 -1.59375 -2.09375 -5.5625 7.875 -0.9375 -0.5625 -7.875 4.3125 -1 -1.125 -4.6875 7 -0.75 0 -7 4.1875 -0.53125 -0.28125 -5.0625 6.125 0 0.4375 -7.375 8.8125 -0.1875 0.4375 -4.1875 6 0.625 0.75 -6.5 7.9375 0.03125 1.03125 -8.8125 5.125 1.125 0.9375 -6.875 7.8125 0.125 1.5 -9.1875 4.25 1.5 2.375 -6 8 -2.5625 2.90625 -8.3125 5.1875 -3.5625 4.0625 -5.125 7.125 -4.25 3.125 -8.6875 4.3125 -2.90625 4.5625 -5.5 7 -2.25 -0.5 -6.75 8.9375 -1.3125 -1.4375 -3.5625 6.125 -1.4375 0 -5.875 8.8125 -0.90625 -0.65625 -9.4375 5.25 -0.75 0.375 -6.25 7.9375 -0.625 0 -8.5625 5.125 -0.1875 -0.0625 -5.375 7.0625 -0.46875 0.53125 -7.6875 4.25 0.25 0.75 -5.75 6.9375 1.28125 0.9375 -8.0625 3.375 0.5625 1.4375 -4.875 6.0625 1.875 1.21875 -7.1875 8.75 0.75 2 -4 6.25 -4.5625 2.4375 -7.5625 8.9375 -2.90625 3.5 -9.875 6.125 -3.6875 2.46875 -6.6875 8.0625 -2.4375 3.8125 -9 5.25 -1.875 -2.5 -4.75 7.9375 -1.03125 -0.78125 -8.3125 4.375 -1.25 -1.5 -5.125 7.0625 -1.15625 -0.1875 -7.4375 4.25 -0.75 -0.625 -4.25 6.1875 -0.375 0.28125 -6.5625 8.875 -0.375 0.125 -4.625 6.0625 0.28125 0.625 -6.9375 8 -0.125 0.75 -9.25 5.1875 0.8125 0.84375 -6.0625 7.875 0 1.25 -8.375 4.3125 1.21875 1.96875 -6.4375 7 0 1.625 -8.75 5.25 -3.8125 3.6875 -5.5625 7.1875 -4.65625 2.9375 -7.875 4.375 -3.125 4.21875 -4.6875 7.0625 -3.6875 3.0625 -8.25 9 -1.5 -1.75 -4 6.1875 -1.78125 -0.125 -6.3125 8.875 -1.0625 -0.9375 -8.625 5.3125 -1.0625 0.28125 -5.4375 8 -0.75 -0.25 -9 5.1875 -0.46875 -0.46875 -5.8125 7.125 -0.5625 0.3125 -8.125 4.3125 0 0.375 -4.9375 7 0.875 0.75 -7.25 3.4375 0.34375 1.09375 -5.3125 6.125 1.5 1.0625 -7.625 8.8125 0.5625 1.6875 -4.4375 5.25 2 1.25 -6.75 9 -3.0625 3.21875 -9.0625 6.1875 -4 2.375 -7.125 8.125 -2.5625 3.5625 -9.4375 5.3125 -3.21875 5.0625 -6.25 8 -1.125 -1 -7.5 4.4375 -1.5 -1.875 -4.3125 7.125 -1.5625 -0.375 -7.875 4.3125 -0.96875 -0.96875 -4.6875 6.25 -0.75 0.125 -7 8.9375 -0.5625 -0.1875 -3.8125 6.125 -0.0625 0.5 -6.125 8.0625 -0.28125 0.46875 -9.6875 5.25 0.5 0.75 -6.5 7.9375 -0.125 1 -8.8125 4.375 0.9375 1.5625 -5.625 7.0625 -0.09375 1.40625 -7.9375 4.25 1.25 2.25 -6 7.25 -5.0625 2.75 -8.3125 4.4375 -3.34375 3.875 -5.125 7.125 -4.0625 2.90625 -7.4375 9.0625 -2.75 4.3125 -4.25 6.25 -2.125 -0.25 -6.75 8.9375 -1.21875 -1.21875 -9.0625 5.375 -1.375 0.1875 -5.875 8.0625 -0.875 -0.5 -8.1875 5.25 -0.75 -0.875 -5 7.1875 -0.65625 0.09375 -8.5625 4.375 -0.25 0 -5.375 7.0625 0.46875 0.5625 -7.6875 3.5 0.125 0.75 -4.5 6.1875 1.125 0.90625 -6.8125 8.875 0.375 1.375 -4.875 5.3125 1.65625 1.125 -7.1875 8 0.5 1.875 -9.5 6.25 -4.3125 2.28125 -6.3125 8.1875 -2.6875 3.3125 -8.625 5.375 -3.5 4.65625 -6.6875 8.0625 -2.28125 3.5625 -9 4.5 -1.75 -2.25 -4.75 7.1875 -1.96875 -0.5625 -7.0625 4.375 -1.1875 -1.3125 -3.875 6.3125 -1.125 -0.03125 -7.4375 9 -0.75 -0.5 -4.25 6.1875 -0.40625 0.375 -6.5625 8.125 -0.4375 0.1875 -8.875 5.3125 0.1875 0.65625 -5.6875 8 -0.25 0.75 -9.25 4.4375 0.65625 1.15625 -6.0625 7.125 -0.1875 1.1875 -8.375 4.3125 1 1.875 -5.1875 6.25 2.5 1.5 -7.5 4.5 -3.5625 3.53125 -5.5625 7.1875 -4.4375 2.75 -7.875 9.125 -2.9375 4 -4.6875 6.3125 -3.53125 2.8125 -7 9 -1.375 -1.5 -8.25 5.4375 -1.6875 0.09375 -6.3125 8.125 -1 -0.75 -8.625 5.3125 -1.03125 -1.28125 -5.4375 7.25 -0.75 -0.125 -7.75 4.4375 -0.5 -0.375 -4.5625 7.125 0.0625 0.375 -8.125 3.5625 -0.09375 0.40625 -4.9375 6.25 0.75 0.75 -7.25 8.9375 0.1875 1.0625 -4.0625 5.375 1.3125 1 -6.375 8.0625 0.34375 1.59375 -9.9375 5.25 1.75 1.125 -6.75 8.25 -2.8125 3.0625 -9.0625 5.4375 -3.78125 4.25 -5.875 8.125 -2.375 3.34375 -8.1875 4.5625 -3.0625 4.8125 -6.25 7.25 -2.375 -0.75 -7.5 4.4375 -1.40625 -1.65625 -4.3125 6.375 -1.5 -0.1875 -6.625 9.0625 -0.9375 -0.8125 -3.4375 6.25 -0.75 0.25 -7 8.1875 -0.59375 -0.09375 -9.3125 5.375 -0.125 0.5625 -6.125 8.0625 -0.375 0.5 -8.4375 4.5 0.375 0.75 -5.25 7.1875 -0.28125 0.96875 -8.8125 4.375 0.75 1.5 -5.625 6.3125 2.09375 1.3125 -7.9375 3.5 1 2.125 -4.75 7.25 -4.8125 2.59375 -7.0625 9.1875 -3.125 3.6875 -5.125 6.375 -3.875 2.6875 -7.4375 9.0625 -2.59375 4.0625 -9.75 5.5 -2 0 -5.5 8.1875 -1.125 -1 -7.8125 5.375 -1.3125 -1.6875 -5.875 7.3125 -0.84375 -0.34375 -8.1875 4.5 -0.75 -0.75 -5 7.1875 -0.34375 0.1875 -7.3125 3.625 -0.3125 0.0625 -4.125 6.3125 0.375 0.59375 -7.6875 9 0 0.75 -4.5 5.4375 0.96875 0.875 -6.8125 8.125 0.1875 1.3125 -9.125 5.3125 1.4375 1.03125 -5.9375 7.25 0.25 1.75 -9.5 5.5 -4.0625 3.84375 -6.3125 8.1875 -2.46875 3.125 -8.625 4.625 -3.3125 4.4375 -5.4375 7.3125 -3.84375 2.3125
xstar 1000 -1 1 0.0625 -0.1875 -1 1 0.125 -0.125 -1 1 0.1875 -0.0625 -1 1 0.25 0 -1 1 0.3125 0.0625 -1 1 0.375 0.125 -1 1 0.4375 0.1875 -1 1 0.5 0.25 -1 1 -0.5 0.3125 -1 1 -0.4375 0.375 -1 1 -0.375 0.4375 -1 1 -0.3125 0.5 -1 1 -0.25 -0.5 -1 1 -0.1875 -0.4375 -1 1 -0.125 -0.375 -1 1 -0.0625 -0.3125 -1 1 0 -0.25 -1 1 0.0625 -0.1875 -1 1 0.125 -0.125 -1 1 0.1875 -0.0625 -1 1 0.25 0 -1 1 0.3125 0.0625 -1 1 0.375 0.125 -1 1 0.4375 0.1875 -1 1 0.5 0.25 -1 1 -0.5 0.3125 -1 1 -0.4375 0.375 -1 1 -0.375 0.4375 -1 1 -0.3125 0.5 -1 1 -0.25 -0.5 -1 1 -0.1875 -0.4375 -1 1 -0.125 -0.375 -1 1 -0.0625 -0.3125 -1 1 0 -0.25 -1 1 0.0625 -0.1875 -1 1 0.125 -0.125 -1 1 0.1875 -0.0625 -1 1 0.25 0 -1 1 0.3125 0.0625 -1 1 0.375 0.125 -1 1 0.4375 0.1875 -1 1 0.5 0.25 -1 1 -0.5 0.3125 -1 1 -0.4375 0.375 -1 1 -0.375 0.4375 -1 1 -0.3125 0.5 -1 1 -0.25 -0.5 -1 1 -0.1875 -0.4375 -1 1 -0.125 -0.375 -1 1 -0.0625 -0.3125 -1 1 0 -0.25 -1 1 0.0625 -0.1875 -1 1 0.125 -0.125 -1 1 0.1875 -0.0625 -1 1 0.25 0 -1 1 0.3125 0.0625 -1 1 0.375 0.125 -1 1 0.4375 0.1875 -1 1 0.5 0.25 -1 1 -0.5 0.3125 -1 1 -0.4375 0.375 -1 1 -0.375 0.4375 -1 1 -0.3125 0.5 -1 1 -0.25 -0.5 -1 1 -0.1875 -0.4375 -1 1 -0.125 -0.375 -1 1 -0.0625 -0.3125 -1 1 0 -0.25 -1 1 0.0625 -0.1875 -1 1 0.125 -0.125 -1 1 0.1875 -0.0625 -1 1 0.25 0 -1 1 0.3125 0.0625 -1 1 0.375 0.125 -1 1 0.4375 0.1875 -1 1 0.5 0.25 -1 1 -0.5 0.3125 -1 1 -0.4375 0.375 -1 1 -0.375 0.4375 -1 1 -0.3125 0.5 -1 1 -0.25 -0.5 -1 1 -0.1875 -0.4375 -1 1 -0.125 -0.375 -1 1 -0.0625 -0.3125 -1 1 0 -0.25 -1 1 0.0625 -0.1875 -1 1 0.125 -0.125 -1 1 0.1875 -0.0625 -1 1 0.25 0 -1 1 0.3125 0.0625 -1 1 0.375 0.125 -1 1 0.4375 0.1875 -1 1 0.5 0.25 -1 1 -0.5 0.3125 -1 1 -0.4375 0.375 -1 1 -0.375 0.4375 -1 1 -0.3125 0.5 -1 1 -0.25 -0.5 -1 1 -0.1875 -0.4375 -1 1 -0.125 -0.375 -1 1 -0.0625 -0.3125 -1 1 0 -0.25 -1 1 0.0625 -0.1875 -1 1 0.125 -0.125 -1 1 0.1875 -0.0625 -1 1 0.25 0 -1 1 0.3125 0.0625 -1 1 0.375 0.125 -1 1 0.4375 0.1875 -1 1 0.5 0.25 -1 1 -0.5 0.3125 -1 1 -0.4375 0.375 -1 1 -0.375 0.4375 -1 1 -0.3125 0.5 -1 1 -0.25 -0.5 -1 1 -0.1875 -0.4375 -1 1 -0.125 -0.375 -1 1 -0.0625 -0.3125 -1 1 0 -0.25 -1 1 0.0625 -0.1875 -1 1 0.125 -0.125 -1 1 0.1875 -0.0625 -1 1 0.25 0 -1 1 0.3125 0.0625 -1 1 0.375 0.125 -1 1 0.4375 0.1875 -1 1 0.5 0.25 -1 1 -0.5 0.3125 -1 1 -0.4375 0.375 -1 1 -0.375 0.4375 -1 1 -0.3125 0.5 -1 1 -0.25 -0.5 -1 1 -0.1875 -0.4375 -1 1 -0.125 -0.375 -1 1 -0.0625 -0.3125 -1 1 0 -0.25 -1 1 0.0625 -0.1875 -1 1 0.125 -0.125 -1 1 0.1875 -0.0625 -1 1 0.25 0 -1 1 0.3125 0.0625 -1 1 0.375 0.125 -1 1 0.4375 0.1875 -1 1 0.5 0.25 -1 1 -0.5 0.3125 -1 1 -0.4375 0.375 -1 1 -0.375 0.4375 -1 1 -0.3125 0.5 -1 1 -0.25 -0.5 -1 1 -0.1875 -0.4375 -1 1 -0.125 -0.375 -1 1 -0.0625 -0.3125 -1 1 0 -0.25 -1 1 0.0625 -0.1875 -1 1 0.125 -0.125 -1 1 0.1875 -0.0625 -1 1 0.25 0 -1 1 0.3125 0.0625 -1 1 0.375 0.125 -1 1 0.4375 0.1875 -1 1 0.5 0.25 -1 1 -0.5 0.3125 -1 1 -0.4375 0.375 -1 1 -0.375 0.4375 -1 1 -0.3125 0.5 -1 1 -0.25 -0.5 -1 1 -0.1875 -0.4375 -1 1 -0.125 -0.375 -1 1 -0.0625 -0.3125 -1 1 0 -0.25 -1 1 0.0625 -0.1875 -1 1 0.125 -0.125 -1 1 0.1875 -0.0625 -1 1 0.25 0 -1 1 0.3125 0.0625 -1 1 0.375 0.125 -1 1 0.4375 0.1875 -1 1 0.5 0.25 -1 1 -0.5 0.3125 -1 1 -0.4375 0.375 -1 1 -0.375 0.4375 -1 1 -0.3125 0.5 -1 1 -0.25 -0.5 -1 1 -0.1875 -0.4375 -1 1 -0.125 -0.375 -1 1 -0.0625 -0.3125 -1 1 0 -0.25 -1 1 0.0625 -0.1875 -1 1 0.125 -0.125 -1 1 0.1875 -0.0625 -1 1 0.25 0 -1 1 0.3125 0.0625 -1 1 0.375 0.125 -1 1 0.4375 0.1875 -1 1 0.5 0.25 -1 1 -0.5 0.3125 -1 1 -0.4375 0.375 -1 1 -0.375 0.4375 -1 1 -0.3125 0.5 -1 1 -0.25 -0.5 -1 1 -0.1875 -0.4375 -1 1 -0.125 -0.375 -1 1 -0.0625 -0.3125 -1 1 0 -0.25 -1 1 0.0625 -0.1875 -1 1 0.125 -0.125 -1 1 0.1875 -0.0625 -1 1 0.25 0 -1 1 0.3125 0.0625 -1 1 0.375 0.125 -1 1 0.4375 0.1875 -1 1 0.5 0.25 -1 1 -0.5 0.3125 -1 1 -0.4375 0.375 -1 1 -0.375 0.4375 -1 1 -0.3125 0.5 -1 1 -0.25 -0.5 -1 1 -0.1875 -0.4375 -1 1 -0.125 -0.375 -1 1 -0.0625 -0.3125 -1 1 0 -0.25 -1 1 0.0625 -0.1875 -1 1 0.125 -0.125 -1 1 0.1875 -0.0625 -1 1 0.25 0 -1 1 0.3125 0.0625 -1 1 0.375 0.125 -1 1 0.4375 0.1875 -1 1 0.5 0.25 -1 1 -0.5 0.3125 -1 1 -0.4375 0.375 -1 1 -0.375 0.4375 -1 1 -0.3125 0.5 -1 1 -0.25 -0.5 -1 1 -0.1875 -0.4375 -1 1 -0.125 -0.375 -1 1 -0.0625 -0.3125 -1 1 0 -0.25 -1 1 0.0625 -0.1875 -1 1 0.125 -0.125 -1 1 0.1875 -0.0625 -1 1 0.25 0 -1 1 0.3125 0.0625 -1 1 0.375 0.125 -1 1 0.4375 0.1875 -1 1 0.5 0.25 -1 1 -0.5 0.3125 -1 1 -0.4375 0.375 -1 1 -0.375 0.4375 -1 1 -0.3125 0.5
fstar -1932.98535
gstar 1000 0.25 -0.5 0 0 1.25 -0.75 0 0 1 -0.25 0 0 0.75 -0.5 0 0 0.5 -0.75 0 0 0.25 -0.25 0 0 1.25 -0.5 0 0 1 -0.75 0 0 0.75 -0.25 0 0 0.5 -0.5 0 0 0.25 -0.75 0 0 1.25 -0.25 0 0 1 -0.5 0 0 0.75 -0.75 0 0 0.5 -0.25 0 0 0.25 -0.5 0 0 1.25 -0.75 0 0 1 -0.25 0 0 0.75 -0.5 0 0 0.5 -0.75 0 0 0.25 -0.25 0 0 1.25 -0.5 0 0 1 -0.75 0 0 0.75 -0.25 0 0 0.5 -0.5 0 0 0.25 -0.75 0 0 1.25 -0.25 0 0 1 -0.5 0 0 0.75 -0.75 0 0 0.5 -0.25 0 0 0.25 -0.5 0 0 1.25 -0.75 0 0 1 -0.25 0 0 0.75 -0.5 0 0 0.5 -0.75 0 0 0.25 -0.25 0 0 1.25 -0.5 0 0 1 -0.75 0 0 0.75 -0.25 0 0 0.5 -0.5 0 0 0.25 -0.75 0 0 1.25 -0.25 0 0 1 -0.5 0 0 0.75 -0.75 0 0 0.5 -0.25 0 0 0.25 -0.5 0 0 1.25 -0.75 0 0 1 -0.25 0 0 0.75 -0.5 0 0 0.5 -0.75 0 0 0.25 -0.25 0 0 1.25 -0.5 0 0 1 -0.75 0 0 0.75 -0.25 0 0 0.5 -0.5 0 0 0.25 -0.75 0 0 1.25 -0.25 0 0 1 -0.5 0 0 0.75 -0.75 0 0 0.5 -0.25 0 0 0.25 -0.5 0 0 1.25 -0.75 0 0 1 -0.25 0 0 0.75 -0.5 0 0 0.5 -0.75 0 0 0.25 -0.25 0 0 1.25 -0.5 0 0 1 -0.75 0 0 0.75 -0.25 0 0 0.5 -0.5 0 0 0.25 -0.75 0 0 1.25 -0.25 0 0 1 -0.5 0 0 0.75 -0.75 0 0 0.5 -0.25 0 0 0.25 -0.5 0 0 1.25 -0.75 0 0 1 -0.25 0 0 0.75 -0.5 0 0 0.5 -0.75 0 0 0.25 -0.25 0 0 1.25 -0.5 0 0 1 -0.75 0 0 0.75 -0.25 0 0 0.5 -0.5 0 0 0.25 -0.75 0 0 1.25 -0.25 0 0 1 -0.5 0 0 0.75 -0.75 0 0 0.5 -0.25 0 0 0.25 -0.5 0 0 1.25 -0.75 0 0 1 -0.25 0 0 0.75 -0.5 0 0 0.5 -0.75 0 0 0.25 -0.25 0 0 1.25 -0.5 0 0 1 -0.75 0 0 0.75 -0.25 0 0 0.5 -0.5 0 0 0.25 -0.75 0 0 1.25 -0.25 0 0 1 -0.5 0 0 0.75 -0.75 0 0 0.5 -0.25 0 0 0.25 -0.5 0 0 1.25 -0.75 0 0 1 -0.25 0 0 0.75 -0.5 0 0 0.5 -0.75 0 0 0.25 -0.25 0 0 1.25 -0.5 0 0 1 -0.75 0 0 0.75 -0.25 0 0 0.5 -0.5 0 0 0.25 -0.75 0 0 1.25 -0.25 0 0 1 -0.5 0 0 0.75 -0.75 0 0 0.5 -0.25 0 0 0.25 -0.5 0 0 1.25 -0.75 0 0 1 -0.25 0 0 0.75 -0.5 0 0 0.5 -0.75 0 0 0.25 -0.25 0 0 1.25 -0.5 0 0 1 -0.75 0 0 0.75 -0.25 0 0 0.5 -0.5 0 0 0.25 -0.75 0 0 1.25 -0.25 0 0 1 -0.5 0 0 0.75 -0.75 0 0 0.5 -0.25 0 0 0.25 -0.5 0 0 1.25 -0.75 0 0 1 -0.25 0 0 0.75 -0.5 0 0 0.5 -0.75 0 0 0.25 -0.25 0 0 1.25 -0.5 0 0 1 -0.75 0 0 0.75 -0.25 0 0 0.5 -0.5 0 0 0.25 -0.75 0 0 1.25 -0.25 0 0 1 -0.5 0 0 0.75 -0.75 0 0 0.5 -0.25 0 0 0.25 -0.5 0 0 1.25 -0.75 0 0 1 -0.25 0 0 0.75 -0.5 0 0 0.5 -0.75 0 0 0.25 -0.25 0 0 1.25 -0.5 0 0 1 -0.75 0 0 0.75 -0.25 0 0 0.5 -0.5 0 0 0.25 -0.75 0 0 1.25 -0.25 0 0 1 -0.5 0 0 0.75 -0.75 0 0 0.5 -0.25 0 0 0.25 -0.5 0 0 1.25 -0.75 0 0 1 -0.25 0 0 0.75 -0.5 0 0 0.5 -0.75 0 0 0.25 -0.25 0 0 1.25 -0.5 0 0 1 -0.75 0 0 0.75 -0.25 0 0 0.5 -0.5 0 0 0.25 -0.75 0 0 1.25 -0.25 0 0 1 -0.5 0 0 0.75 -0.75 0 0 0.5 -0.25 0 0 0.25 -0.5 0 0 1.25 -0.75 0 0 1 -0.25 0 0 0.75 -0.5 0 0 0.5 -0.75 0 0 0.25 -0.25 0 0 1.25 -0.5 0 0 1 -0.75 0 0 0.75 -0.25 0 0 0.5 -0.5 0 0 0.25 -0.75 0 0 1.25 -0.25 0 0 1 -0.5 0 0 0.75 -0.75 0 0 0.5 -0.25 0 0 0.25 -0.5 0 0 1.25 -0.75 0 0 1 -0.25 0 0 0.75 -0.5 0 0 0.5 -0.75 0 0 0.25 -0.25 0 0 1.25 -0.5 0 0 1 -0.75 0 0 0.75 -0.25 0 0 0.5 -0.5 0 0 0.25 -0.75 0 0 1.25 -0.25 0 0 1 -0.5 0 0 0.75 -0.75 0 0 0.5 -0.25 0 0 0.25 -0.5 0 0 1.25 -0.75 0 0 1 -0.25 0 0 0.75 -0.5 0 0 0.5 -0.75 0 0 0.25 -0.25 0 0 1.25 -0.5 0 0 1 -0.75 0 0 0.75 -0.25 0 0 0.5 -0.5 0 0 0.25 -0.75 0 0 1.25 -0.25 0 0 1 -0.5 0 0 0.75 -0.75 0 0 0.5 -0.25 0 0 0.25 -0.5 0 0 1.25 -0.75 0 0 1 -0.25 0 0 0.75 -0.5 0 0 0.5 -0.75 0 0 0.25 -0.25 0 0 1.25 -0.5 0 0 1 -0.75 0 0 0.75 -0.25 0 0 0.5 -0.5 0 0 0.25 -0.75 0 0 1.25 -0.25 0 0 1 -0.5 0 0 0.75 -0.75 0 0 0.5 -0.25 0 0 0.25 -0.5 0 0 1.25 -0.75 0 0 1 -0.25 0 0 0.75 -0.5 0 0 0.5 -0.75 0 0 0.25 -0.25 0 0 1.25 -0.5 0 0 1 -0.75 0 0 0.75 -0.25 0 0 0.5 -0.5 0 0
