# bottom(3) axis(3) radius length, body metres; radius = median skin - 0.1/10 (Gate 8 at drape scale 10)
-0.000113 0.952752 -0.027279 0.001915 0.993744 0.111665 0.073551407 0.094884261
0.000069 1.047043 -0.016683 0.000640 0.999598 0.028341 0.130745640 0.295857966
0.000069 1.047043 -0.016683 0.403473 0.914979 0.004754 0.038711844 0.246696383
0.235667 1.114168 -0.013297 -0.651094 0.758923 -0.010590 0.021898584 0.208976328
0.379585 0.962856 -0.012785 -0.689178 0.724588 -0.002454 0.093965312 0.208825305
0.000069 1.047043 -0.016683 -0.384708 0.923027 0.004631 0.038517745 0.244397074
-0.231501 1.114204 -0.013296 0.655567 0.755061 -0.010752 0.021323563 0.209816068
-0.374790 0.963851 -0.012553 0.689893 0.723903 -0.003575 0.093699200 0.207697496
0.097131 0.881631 -0.027191 -0.807161 0.590330 -0.000731 0.083678832 0.120476246
0.133821 0.524920 -0.029837 -0.102312 0.994725 0.007380 0.071079319 0.358602881
0.175327 0.033546 -0.038551 -0.084157 0.996296 0.017668 0.039979508 0.493201464
-0.098774 0.881613 -0.027102 0.811129 0.584866 -0.001452 0.079342110 0.121633954
-0.135558 0.524924 -0.029774 0.102581 0.994697 0.007450 0.070362186 0.358590275
-0.176781 0.033617 -0.038489 0.083596 0.996343 0.017675 0.039695354 0.493110895
