# lbfgsb component fixture 13 (LBFGSpp 0.3.0 BFGSMat/Cauchy/SubspaceMin, double)
seed 1592693283
n 37
m 10
npairs 2
ncorr 2
ptr 2
theta 3.34742384
lb 37 1.56299555 0.125359893 0.708093226 -0.0122977048 -0.632695496 -inf -1.06967366 0.980243921 -2.48471594 -inf -0.0480524115 -0.754528642 -1.74672306 -inf -0.988901913 -0.26863873 -1.64036906 0.18538326 0.973817408 1.9403491 -0.85192728 -inf -1.26230454 0.770407021 -1.14892626 1.17209876 0.783654928 -2.24655652 0.712919414 -1.60782313 0.571920156 -0.873432636 1.21364617 -inf -0.887273073 -1.12342536 1.05972409
ub 37 1.56299555 2.89063168 1.53318 0.398719609 1.5733974 inf 1.59727132 1.20282698 -0.30912137 inf -0.0480524115 0.386727333 1.44924653 inf -0.713242233 0.699943066 0.185224533 1.57790208 0.973817408 1.9403491 1.33654189 inf -0.186745346 2.67688441 -1.14892626 1.96692932 0.783654928 0.598271549 0.712919414 0.0771205425 0.571920156 2.20121408 1.42887425 inf 1.81322098 -0.134089142 1.84772897
x 37 1.56299555 2.89063168 1.35036695 0.131931379 -0.173973888 0.328718811 0.257598758 1.1626302 -1.34792089 -0.657304406 -0.0480524115 -0.754528642 0.553369045 0.32700184 -0.73544699 -0.26863873 -0.983769834 1.09443402 0.973817408 1.9403491 -0.85192728 -0.408640802 -0.186745346 1.71518612 -1.14892626 1.96692932 0.783654928 -0.359968126 0.712919414 0.0771205425 0.571920156 1.19456363 1.31817532 -0.783664882 -0.213291943 -0.435491413 1.84772897
g 37 0 0.829327703 1.9424212 -0.566729963 0.616961896 -0.201860532 -0.889550626 0.429629415 1.55230665 -1.02003002 0.59283942 -1.50030684 -1.49935746 0.870819986 -1.40576458 1.32761133 0.729228258 1.99685383 1.24541843 -1.13132787 1.25209141 -0.160212174 0.613647103 0.0941283181 -1.17583704 -0.0529639348 -0.91275543 1.09795308 1.27091134 -0.544218302 1.80261672 -0.483111382 1.47330606 -1.12472725 -1.48933113 0.393046618 -0.916170776
s 0 slot 0 37 -0.111696042 -0.117869258 -0.0860683173 0.0401896611 -0.0829900876 -0.0633413121 -0.271267802 -0.211691752 -0.0823416933 -0.167991817 0.103328481 -0.0147162033 0.00240365858 0.0838610232 -0.114693798 0.274684578 0.0370612219 -0.0741588324 -0.0113813467 0.184840754 -0.0249088146 -0.0855967849 0.170616001 0.0716880783 -0.292357862 -0.100523137 0.0402766168 0.263568699 -0.249410704 -0.240049124 -0.118272603 -0.0636296868 0.0668011382 0.0441358201 -0.209159404 0.260980964 0.0890648738
y 0 slot 0 37 -0.485483378 -0.294210464 -0.112972431 0.128097445 -0.250970215 -0.0902440101 -0.768097758 -0.374569267 -0.155397639 -0.75063318 0.16989632 0.00582889095 -0.00301557733 0.0902820379 -0.0668575168 1.30568516 0.00293237017 -0.262427002 -0.0403185003 0.369385898 -0.107633516 -0.3555758 0.618373513 0.28764379 -0.70914197 -0.0889868438 0.0747218207 0.421853751 -0.887087166 -0.473725051 -0.352728993 -0.0637002215 0.291276991 0.16648294 -0.749834776 1.0243268 0.384125859
s 1 slot 1 37 0.00148903287 0.00553008774 0.269729614 0.080089651 -0.0354536772 0.147361085 -0.200235412 0.0790348276 -0.0311780758 0.224548116 -0.079025574 0.269411087 -0.00243440596 -0.225531891 0.146868512 0.212000072 0.0346834809 -0.0648036152 -0.0376497991 -0.209017277 0.10902933 0.00819862634 -0.254479855 -0.170173243 -0.171356887 0.00593049871 -0.0106179006 0.199103013 -0.143684447 -0.0917180628 0.100926526 -0.0663740262 -0.0881293342 -0.205491766 0.166106328 0.259188384 0.20257102
y 1 slot 1 37 0.000131149049 0.00956156198 0.360863 0.229789332 -0.112852231 0.195899069 -0.569137812 0.127836108 -0.0634443313 1.00588262 -0.128431246 0.424965829 -0.00649865158 -0.208853409 0.0718946308 1.00318992 0.0231902376 -0.210666254 -0.0424386337 -0.452730358 0.399971902 0.0361505561 -0.93343538 -0.621787071 -0.406330794 0.00967855565 -0.00576976966 0.324102342 -0.499307424 -0.179552808 0.312061489 -0.0481937788 -0.360410839 -0.655056536 0.583677411 1.02046549 0.887923419
M 4 4 -0.408755115 -0 -0.00567487255 0.0567094863 -0 -0.424021222 -0 -0 -0.00567487255 0 0.367637192 -0.034687712 0.0567094863 0 -0.034687712 0.34663727
mv_in 0 4 0.600953043 -0.781716704 0.680195153 -0.127220988
mv_out 0 4 -0.256717288 0.331464472 0.251067709 -0.0336142113
mv_in 1 4 -0.244751692 0.78475982 0.386414915 0.634462416
mv_out 1 4 0.133830688 -0.332754818 0.121441379 0.192644728
mv_in 2 4 -0.310432315 -0.512370169 -0.946290314 0.598384261
mv_out 2 4 0.166194938 0.217255825 -0.366886431 0.222642476
pg_inf 1.48933113
xcp 37 1.56299555 2.64598303 0.777359796 0.299114647 -0.355975393 0.388266931 0.520012941 1.03589109 -1.80584568 -0.356399278 -0.0480524115 -0.311943606 0.995674017 0.0701131267 -0.713242233 -0.26863873 -1.19888951 0.505369441 0.973817408 1.9403491 -0.85192728 -0.361378796 -0.367768998 1.68741861 -1.14892626 1.96692932 0.783654928 -0.683860272 0.712919414 0.0771205425 0.571920156 1.33707972 1.21364617 -0.451874454 0.226055296 -0.551438729 1.84772897
vecc 4 -0.685701745 0.421800685 -0.671729261 0.211731499
brk0 13 0 10 15 18 19 20 24 25 26 28 29 30 36
newact 2 14 32
newact_sorted 2 14 32
fv 22 5 9 13 21 33 2 7 17 3 12 8 4 11 16 34 6 27 35 22 31 1 23
fv_sorted 22 1 2 3 4 5 6 7 8 9 11 12 13 16 17 21 22 23 27 31 33 34 35
drt0 37 0 -0.165783692 -0.388292536 0.11329006 -0.123331489 0.0403521842 0.177822333 -0.0858834816 -0.310308129 0.203905335 0 0.299913299 0.299723516 -0.174078053 0.0150468301 0 -0.145773682 -0.39917369 0 0 0 0.032026623 -0.122668858 -0.0188163738 0 0 0 -0.219482256 0 0 0 0.0965745966 -0.0708331222 0.224834447 0.297719239 -0.0785705326 0
step_max0 1.47570994
drt 37 0 -0.242503903 -0.579185966 0.162460134 -0.180465939 0.0627146101 0.288940977 -0.109696302 -0.453709491 0.25351426 0 0.439002204 0.447260355 -0.26734473 0.0222047567 0 -0.227729657 -0.592791128 0 0 0 0.0390178931 -0.145995751 -0.00289626523 0 0 0 -0.370144959 0 0 0 0.156704 -0.104529142 0.359237082 0.417526331 -0.131060384 0
sub_L 0
sub_U 0
sub_P 22 1 2 3 4 5 6 7 8 9 11 12 13 16 17 21 22 23 27 31 33 34 35
dg -7.5619193
step_max 1
