# lbfgsb component fixture 14 (LBFGSpp 0.3.0 BFGSMat/Cauchy/SubspaceMin, double)
seed 1592701202
n 300
m 5
npairs 3
ncorr 3
ptr 3
theta 3.46420918
lb 300 -1.54370618 -inf -0.809393227 -2.77921438 -1.31565416 -0.57016319 -0.480583012 1.18823266 -inf -0.971865416 -0.655259311 0.679800391 0.774103582 -3.32629871 1.31613827 0.3196522 -2.97225428 -inf 1.52672684 0.0363125801 -1.01868916 -inf -2.61355305 -0.315558434 1.36002684 -1.18697822 -0.00096988678 0.116307825 -inf -2.20357156 1.24350095 -1.56585336 -0.863044798 -1.41172123 -0.981220186 -3.20453286 -0.524309635 -inf -2.72355938 0.963688433 -2.20378637 0.174147606 -0.86744833 0.00972485542 1.28026831 -inf -0.918627381 -0.6077981 0.581902325 -inf -0.953626871 -1.39205492 -2.30549669 -0.65189755 -1.71834099 0.0495429039 -0.327041507 -0.791572392 1.18105161 0.549520612 -0.536231339 -0.0680815578 -1.19121122 0.204988837 -2.45922089 1.51143193 -0.608218729 0.587732136 -0.132468224 1.81027722 -1.22412705 -0.085836947 -0.209113955 -0.0826963186 0.404538751 -0.884021878 -1.12877703 1.05764782 -1.188658 -1.11275899 -2.4818747 -0.0871256813 1.19443536 0.251402497 -0.169877648 -0.151262507 0.079653725 -1.68009329 -1.07176292 -1.99935281 -0.774562418 -2.13724351 -3.19621921 -2.62630725 -1.565516 1.91870308 -2.17785573 -inf 1.08174479 -2.7303319 -0.838860154 -2.71130848 -3.21130872 -0.408049196 -2.64371705 1.83102775 -1.52778137 -0.418274641 -1.41048276 -inf 0.00442004204 -1.7423259 -3.13151455 -0.629669666 -1.65733254 -2.21948481 1.26755393 -1.15694153 -2.74267483 -1.74334288 0.734618962 -1.51115882 -1.74251246 0.693945765 -1.21475577 1.58909309 0.811498761 -0.226974949 -3.08508897 -0.492000788 -2.31760478 -2.24679542 -0.67452848 -1.80247688 -0.102074683 1.25590169 -0.143082261 -2.50550532 0.437716544 -0.0338546075 -2.08777952 -0.937488019 -2.95842719 -1.11205304 0.748481929 -1.54974985 -0.296599746 -0.889227986 -inf -1.28666687 -2.71158791 -2.0421505 1.62362456 -1.91253293 -0.0415116549 0.701630592 -1.20793521 0.19046542 1.570526 0.210960895 -3.13329554 0.134280562 0.217515826 0.426551044 1.63883138 1.23219204 -0.651248753 0.271268845 -inf -inf 0.0854964256 -1.63642466 -1.57104015 0.532047749 0.0447611809 -3.20086765 -0.0209327079 -2.47262001 1.29369009 -1.97960687 0.666925311 -0.0635054111 -1.41354132 -0.664903164 0.13113445 -0.441150635 -1.54377723 -0.112005591 0.151170447 -2.58466196 0.993913054 -inf -1.44056129 -3.07899857 0.695891261 -1.33300126 0.844357312 1.49157095 -3.30958414 0.229322553 -1.85153913 -0.613362491 -1.58449423 -0.779396653 -inf -inf 1.61933267 -1.75742269 -0.681900144 -1.14510775 0.00865465403 -inf 0.488259077 0.727205336 -0.452742457 1.28917718 -2.27644873 -inf -1.14336836 -1.74297535 -1.93620229 1.53183699 -1.73759258 -0.436881125 1.43327689 -inf 0.742223203 -0.918515563 -1.04673266 -2.10195708 -inf -2.25697184 -inf -1.67461252 0.804468691 0.193658352 -2.03020453 0.942878962 0.524264991 0.790757596 1.48132443 -2.90104365 -1.04739165 1.11113989 0.701967955 -0.831163883 0.526307106 0.0644686222 -0.824903548 -0.553525686 0.739907742 -0.981314182 -0.400788695 0.352726221 0.0705034658 -1.26559997 -0.671593904 -0.0493661165 -0.539661705 -1.22331595 0.217245996 -1.95845699 -0.00596359139 -1.88919902 1.73894727 -1.20309758 -2.12968278 0.381911695 -0.992943645 -1.8162303 -1.72045016 -2.78323698 -0.282824188 -2.55100775 -1.57991266 -0.214363754 0.793936193 0.578632355 -0.506399274 -1.91906607 -0.953850627 0.220043063 1.29231882 -1.1505959 -0.778059602 1.15696275 1.96332645 -1.26792336 -2.95771313 -1.04691148 -0.708690763 0.973639548 0.39688623 -1.53798068 -2.84521699 1.03039074 -2.29131126 -1.31568599 -2.58719063 -0.00727242231
ub 300 0.130630434 inf 1.37968826 0.0986391306 1.58631837 2.5145843 -0.480583012 1.88907123 inf -0.114327431 2.27458215 1.55046022 1.99973369 -0.228921294 1.31613827 2.45126724 -0.902983785 inf 2.08314991 1.20622456 -1.01868916 inf -0.862419724 0.509417474 1.36002684 -0.767296553 1.4606179 0.576882005 inf -0.595369518 1.90937209 0.963887036 0.874301255 -1.41172123 -0.0969945788 -0.201500893 1.36196566 -1.48830175 -0.553639054 1.94685793 -0.400932848 2.46873045 1.22757769 2.75478363 2.65778589 1.60324013 1.65355337 -0.340645105 0.581902325 inf 1.58771682 -0.000521540642 0.484985411 -0.319101065 0.976099849 2.29338384 1.53828967 0.711164892 1.18105161 2.27797031 -0.536231339 1.27869391 -1.19121122 3.16588116 -1.26848102 2.07669878 -0.608218729 2.20179248 2.29243207 1.81027722 1.58229303 1.2276957 0.927501082 2.6046977 2.69501209 -0.884021878 0.5833413 inf 0.468827397 -0.711517453 -1.13749671 -0.0871256813 2.76410413 2.14733982 0.859679461 -0.151262507 0.079653725 -1.68009329 -1.07176292 -1.15242779 -0.774562418 -1.16203332 -0.303521872 -1.02575159 -0.364365876 1.91870308 -1.75512922 inf 2.06772137 -0.986852765 0.94219172 -1.19801557 -0.300616741 0.937521935 -1.04232574 1.83102775 0.669721723 2.59813547 1.2655021 inf 2.64141536 -0.777064919 -0.587479949 -0.629669666 1.46041024 -1.66979146 1.26755393 1.97487128 -0.402516127 0.105928957 1.11598575 0.554307103 1.07256556 0.693945765 1.369838 1.83494914 1.22648871 0.261355609 -0.525224209 -0.492000788 -1.2853868 0.0134737492 0.101097763 -0.427783668 1.0582664 1.74499857 inf -0.827977479 1.59376597 -0.0338546075 0.741903543 2.21497679 -0.621723413 -0.773399234 0.748481929 inf 0.31881851 -0.42008245 -1.00443256 0.435322672 -0.639740705 -1.08825159 1.95492029 -1.91253293 2.34922457 0.701630592 1.74417007 1.18068182 2.40198469 0.210960895 -0.349969506 2.74763536 2.85331106 2.09824896 2.02436876 1.23219204 2.12838054 2.81936598 inf inf 2.78864479 -0.785343289 -0.955523551 0.532047749 2.31047297 -0.656144261 -0.0209327079 -1.31707489 2.19835901 -0.164467335 1.34900224 3.02760291 -1.41354132 0.634480476 1.18304014 -0.441150635 0.348022759 2.99760389 0.151170447 0.476290107 2.6747613 inf -1.44056129 0.0997772217 0.695891261 -0.957389891 1.98962808 inf -0.15463078 2.93254137 -0.457756698 1.20850539 1.35049522 0.211880654 inf inf inf -1.2320466 0.942025185 1.73932338 1.01534939 -1.76882625 2.47321558 0.727205336 1.75263965 1.28917718 -0.124886274 inf 0.419016838 0.293496251 -0.545071661 2.45724559 -1.73759258 1.16769862 1.43327689 0.380342096 0.742223203 0.0988658965 0.270394683 -0.147825897 inf 0.390740275 inf -1.45339251 2.38174748 1.38056457 0.39936161 1.75164342 1.61472535 0.790757596 2.15873933 -0.0688285828 1.4190402 1.11113989 0.701967955 0.0770901144 0.526307106 2.58451843 1.92191696 0.835101008 0.739907742 1.72286701 -0.400788695 0.352726221 0.0705034658 0.781532943 -0.671593904 1.76316583 1.46997213 0.428171605 1.90594959 -0.734252453 -0.00596359139 0.966937602 1.73894727 -1.20309758 -0.979005396 0.78476578 0.80069077 0.179862678 1.17661047 0.0572555065 -0.282824188 -1.40217757 -0.13229984 -0.214363754 0.793936193 2.5992527 inf -1.91906607 -0.242407948 0.905785441 1.54763651 -0.567172706 0.276900679 1.36969697 1.96332645 -0.632746339 -0.387542009 -0.419655979 0.508913994 0.973639548 2.46741962 -1.53798068 0.16829443 2.23478222 -0.596311212 -0.288109004 -0.748179078 1.7852025
x 300 0.130630434 -0.545396745 -0.556720912 0.0986391306 1.34360147 -0.57016319 -0.480583012 1.31464458 0.777845442 -0.114327431 1.34691381 1.18241012 0.774103582 -0.64667064 1.31613827 1.54555082 -2.4747653 -0.488797009 1.56778049 0.356021196 -1.01868916 -0.184930041 -1.31651807 -0.315558434 1.36002684 -0.892893493 0.106525473 0.229680836 0.641815126 -1.03231847 1.90937209 0.963887036 0.601057172 -1.41172123 -0.187838495 -1.63070929 0.138317093 -1.48830175 -2.47996163 1.56135464 -2.20378637 2.3404386 0.225193739 2.27347708 1.38570869 0.284779251 1.65355337 -0.547984421 0.581902325 -0.705548823 0.32629016 -0.000521540642 -0.170252562 -0.507418752 -1.39876723 2.29338384 0.649221182 -0.293096691 1.18105161 1.15455461 -0.536231339 0.31085512 -1.19121122 0.204988837 -1.97132266 1.62554824 -0.608218729 2.02912903 0.741155982 1.81027722 -0.480068326 1.2276957 0.525229096 -0.0826963186 0.404538751 -0.884021878 -0.275509715 1.94773471 -1.03253531 -1.03826201 -1.13749671 -0.0871256813 1.19443536 2.14733982 -0.169877648 -0.151262507 0.079653725 -1.68009329 -1.07176292 -1.30043077 -0.774562418 -1.29480076 -1.89509928 -1.2317301 -0.975140572 1.91870308 -1.75512922 -0.305475026 2.06772137 -2.7303319 -0.838860154 -1.95815372 -2.55932593 0.937521935 -2.64371705 1.83102775 0.669721723 2.59813547 1.2655021 -0.887278855 1.16909146 -1.63826001 -1.14955473 -0.629669666 1.46041024 -2.18958879 1.26755393 -1.15694153 -2.74267483 -1.2787627 1.11598575 -1.51115882 -1.45807648 0.693945765 1.369838 1.66358399 0.811498761 0.115910396 -0.525224209 -0.492000788 -1.80604303 -0.236178115 -0.290711492 -0.427783668 1.0582664 1.31047451 0.594619811 -1.28115714 0.990662158 -0.0338546075 -1.6571269 -0.937488019 -2.95842719 -1.11205304 0.748481929 -1.54974985 -0.296599746 -0.42008245 -2.38974571 -0.938002408 -2.51940107 -1.28656578 1.68287468 -1.91253293 2.34922457 0.701630592 -1.20793521 1.01064169 2.40198469 0.210960895 -1.71867061 0.134280562 1.15701401 2.09824896 1.80709159 1.23219204 0.0914414674 2.81936598 0.563647807 0.174585938 0.0854964256 -1.24785793 -1.1812551 0.532047749 0.478126198 -3.20086765 -0.0209327079 -1.9524157 2.19835901 -1.20313323 0.880557179 0.533554852 -1.41354132 -0.27992934 0.13113445 -0.441150635 -0.218557686 -0.112005591 0.151170447 0.476290107 0.993913054 -0.140542403 -1.44056129 0.0997772217 0.695891261 -1.05525172 0.844357312 2.78335333 -1.716254 0.229322553 -0.457756698 -0.613362491 1.35049522 -0.179706737 0.262745559 -0.845366538 2.02905583 -1.60612476 -0.681900144 -0.583209932 0.92174691 -2.72122908 1.85818911 0.727205336 1.75263965 1.28917718 -0.920859158 -0.809570134 0.112933733 -1.74297535 -1.93620229 2.27044821 -1.73759258 1.05512846 1.43327689 0.380342096 0.742223203 0.0988658965 -0.90084666 -2.10195708 -0.535999954 -2.09355116 -0.203803509 -1.45339251 2.38174748 0.317171454 -1.56103671 1.19697475 1.61472535 0.790757596 2.15873933 -0.61337322 -0.0550320558 1.11113989 0.701967955 -0.138396516 0.526307106 1.68779421 1.58297873 -0.553525686 0.739907742 -0.019937478 -0.400788695 0.352726221 0.0705034658 -0.0905267671 -0.671593904 -0.0493661165 0.500660598 -0.51913482 1.90594959 -1.95845699 -0.00596359139 -1.88919902 1.73894727 -1.20309758 -0.979005396 0.559685469 0.210624665 -0.829049408 0.887634158 -0.249265864 -0.282824188 -1.40217757 -0.690711021 -0.214363754 0.793936193 2.37320399 0.126553014 -1.91906607 -0.463402331 0.255563527 1.54763651 -1.1505959 0.276900679 1.30476236 1.96332645 -0.841032565 -0.387542009 -0.644006371 -0.554223418 0.973639548 1.73574519 -1.53798068 -2.1873455 1.03039074 -0.596311212 -0.288109004 -0.748179078 0.665329814
g 300 0.0230045076 0.298051924 0.710595548 -1.91699553 0.247829705 0.727703333 -0.919564724 -0.0561167859 -1.88543022 -0.322945356 -0.302481204 0.982751787 -1.58638287 -0.628392935 -0.214981914 1.00365102 0.895503223 -1.4494524 -1.11732638 -0.649553061 1.94701231 -0.297438949 -1.34601653 0 -1.9358331 -0.998455048 -1.12742651 -0.733662128 1.51164401 0.484669715 -0.426399529 -1.91325819 -1.34985006 0.742910802 -0.363180757 1.23636389 0.644258142 -1.45421565 0.46207878 -1.04818296 0.9777987 1.03797507 1.0221771 1.07897997 -1.11451042 -1.28834474 -0.411953747 -1.36548984 -1.46848583 0.989986598 -1.24596095 0.00874157995 1.85580945 1.57257462 -0.254881114 -1.52165389 1.73191714 0.457099706 -1.18267715 1.50311852 -1.24330187 -0.147696301 -1.80250967 1.78998601 0 0.116944574 -1.0652622 -1.25755692 -0.448872238 -0.225514174 -0.0457386188 1.70074952 1.23627841 -1.91038716 1.40800691 1.54719234 0.103318714 -1.51083434 -0.199720472 -0.480741918 1.21014333 0.0240670424 -1.57913446 0.786845684 1.59373057 -1.00252044 -0.999528587 -1.92473269 -1.89216757 1.86201847 -0.493797749 -0.740525007 1.29691339 -1.53132808 -1.18931925 1.7381773 1.55611849 0.102771483 0.29755643 -1.95815039 0.351029247 0.134352818 1.11411119 1.94438434 -1.33474803 -1.95033443 -1.46434128 -1.13930321 0.112969346 -0.520320058 0.121078707 -0.278203517 -0.0894949585 0.0620079786 -0.530310631 -1.7248143 -0.876328528 -0.281410307 0.734797716 0.0935512781 0.0720870122 0.370320618 0.156801656 -1.1588273 1.07148659 1.31627357 0 1.95719624 -1.58613789 -1.51168168 -1.11341095 -1.38023663 -1.8501302 0 1.98731351 -0.636434138 -0.426789075 -0.504408896 -0.49090606 -1.36122382 -0.32107538 1.18541265 -1.88777912 -0.111245804 -0.0881888419 1.51677835 -0.874382138 1.3541652 -1.55376709 -0.554746807 0.883574486 0.913205743 -1.49447954 -1.92898369 1.63804913 -0.647454977 1.8553623 -1.30929947 1.04341626 1.91651618 1.24757659 -1.20589805 -1.82405448 -0.988987923 -0.94458729 -1.38186157 1.56038964 -0.41114369 -1.94333541 -1.91434431 0.74561578 -0.331132144 -1.33349609 -0.253045171 -1.38828588 0.506084204 -1.2114352 0 0.0448230281 1.76846242 -1.38357389 -1.18717015 0.871545196 -0.897933543 0.876876116 0.410793066 -1.7650522 1.00607884 -0.885532975 0.882450402 0.747211456 0.645017505 1.09289718 -1.54855776 1.96326602 -0.168178752 -0.602140486 1.46900153 1.01605904 -0.599322021 -1.6302141 0.530872881 -1.50522411 -0.561572075 1.78813827 0.541478217 -0.802143753 -1.66846681 1.50593257 -0.296811402 0.573782504 -1.05694187 -0.427617371 -1.96075857 0.0728664994 -1.67986405 1.17555392 0.191404477 -1.38455582 -0.234671324 1.41997457 -0.265090764 -1.30395007 -0.299121678 -0.490111053 -0.309380412 1.95634508 -1.40540218 1.90709007 1.45069289 1.0552094 0.167723358 1.2960149 0.0103958566 1.79119778 -0.141497433 -0.17399469 -0.474425763 -0.652428508 1.98584759 0.948840916 -1.9336673 -1.71874058 1.08748746 0.353898495 0.168196514 0.657877445 0.906131208 -1.42870343 1.5064584 1.72611797 1.1362046 0.409377843 -1.84040534 0.800646722 -1.79991794 -1.11252332 -1.75146127 1.5721854 0 -0.238314867 -0.0607967861 1.20041311 -1.57620978 -0.763552785 -0.986255884 0.754843414 -0.915394604 0 0.437430322 0.325595587 1.51062679 1.2585448 0.997070849 -0.878585517 -1.15057874 -1.03063333 -0.326252997 -1.37386537 -0.752870083 -0.379390657 0.0492874458 -0.889704585 -1.72711277 0.342421919 0.841050208 -0.509702682 0.572788239 0.466280103 -0.242056116 -1.4553591 1.26257443 -0.0623383261 1.53877032 1.02885461 -1.69429183 1.07676578 -1.02984917 -1.17942047 1.23043585
s 0 slot 0 300 0.230846211 -0.118359424 -0.252224654 -0.0349971391 -0.161051735 -0.145294666 -0.176990733 0.0799070671 -0.0623765141 0.261846453 -0.175309539 0.181463689 -0.231826469 -0.199033052 -0.222407773 0.188851506 0.021722123 -0.171445727 -0.0674429759 0.113249622 0.243060455 -0.138675705 -0.214037761 -0.179895505 -0.249398679 0.210160658 0.215129241 0.0272833835 0.258856922 -0.219546005 -0.247257337 0.0918275937 -0.0987148285 -0.224389821 0.165075839 -0.0859270096 -0.0964248106 -0.0796406567 0.120295279 -0.0529227555 -0.0189201236 -0.0359587744 0.00766824139 0.0353327654 0.230700105 -0.0676727295 -0.0949766263 -0.204988167 0.266067833 0.1117443 -0.181568578 0.243065789 0.206319183 -0.0473269895 0.036258813 -0.224597365 0.298224777 0.028809594 0.0944089517 -0.299719334 -0.176735714 0.199166536 -0.143356338 0.243154541 0.205504254 0.0591648109 -0.266567856 -0.186352164 0.268213391 0.0532866232 0.269465089 0.0710538849 -0.240862355 0.129426494 0.213053405 -0.299063802 -0.121898018 0.277587056 0.0861901194 -0.242486343 0.0613452792 0.192455605 0.233806401 -0.192376375 -0.245238766 0.195032835 -0.0970078483 -0.0420539118 0.166130215 -0.296255618 0.000767340534 0.00481206737 0.0683113188 -0.00864606164 -0.0571854301 -0.0508144461 0.231635958 -0.155987874 -0.252717257 -0.00245590345 -0.229174569 -0.000912615738 -0.190124944 -0.283794522 -0.220306262 0.200588524 -0.00522218505 0.207582593 0.0840797573 0.00829685107 -0.169128284 0.270321488 -0.00434770575 -0.100888625 0.161031052 -0.149496451 0.245834455 0.212070018 0.0759427175 0.143819004 0.155066535 -0.102092065 -0.01646051 -0.0218324028 0.0245563444 0.138263941 0.0500995442 -0.222753033 -0.179192498 -0.0904290602 0.167077109 0.203279048 0.0208161175 -0.247345284 -0.252166837 -0.196580708 0.0343693867 -0.0441622846 0.263316393 -0.183132008 0.140914917 -0.1975528 0.235014677 0.201100066 -0.169374809 -0.0791589171 -0.266782135 -0.265229762 0.159995124 -0.0337267928 0.259307921 -0.051701609 0.0344502442 -0.266999781 0.142858535 0.0643587336 0.0411840715 0.293085456 0.154596508 0.2909109 -0.00225453335 -0.28453061 -0.0202992894 0.0843275487 -0.250680923 -0.138177425 0.135824576 -0.297684163 -0.185357735 0.0343869254 -0.0500398576 0.256377608 0.0112947393 0.256978929 0.2041298 0.0882096067 0.172954977 0.2914114 -0.228689238 0.0473048575 -0.0243219715 -0.127889603 -0.187767684 -0.180341914 -0.268103868 0.166647837 0.152842835 0.0421418548 0.0345052369 0.0790751874 -0.0452954955 -0.297750741 -0.186313942 0.0608391613 -0.088211596 -0.0708960593 0.0743684694 -0.0946476012 0.000298505096 -0.135257706 0.150255784 0.299671501 0.0815435871 -0.0479342192 -0.250578254 -0.138270214 -0.0255176816 -0.0778932795 -0.00238250173 0.0710050985 0.0655147508 -0.125358731 0.114016511 -0.0159154832 0.0382293239 -0.0969246551 0.255014092 0.0279872604 -0.261896998 -0.0542231388 0.0544373095 -0.168036237 0.219788805 -0.10291113 -0.168117493 0.116853364 0.0829674229 -0.250081033 -0.269783437 -0.16136907 0.0478705093 -0.0499793664 0.0918257907 0.132737711 -0.0475984663 0.29224357 -0.0456516482 0.168416992 0.239507586 -0.0172657855 -0.0418067127 -0.231439888 0.0741887018 -0.289965391 0.28383112 0.239312261 0.20635815 -0.165726826 0.0795769766 -0.265255362 -0.0907404795 -0.195189819 -0.149917498 -0.0821666941 -0.220266595 -0.146687716 -0.275812 0.217998713 -0.115468703 0.0991477892 -0.0202353913 0.266078413 -0.25776419 -0.281535089 -0.115931869 0.274106503 -0.159315169 -0.148033813 0.00836791657 0.221710026 0.00408435659 0.0145866917 -0.0751678124 -0.21515727 -0.0453398824 -0.0497584231 0.255714357 -0.129477516 -0.191104084 -0.157861605 0.243040711 -0.00457677338 0.255091459 -0.0275755152 0.240501702 -0.298776448 -0.133305654 0.0408598445 -0.282345682 0.190969169 0.190000847 0.171847448 -0.226034373 -0.256305009 0.163566396 -0.171442538 0.257008731 0.0223439578 0.193941534 0.113731503
y 0 slot 0 300 0.625758946 -0.273501605 -1.23140764 -0.0646958351 -0.804185927 -0.204413131 -0.804460883 0.192065388 -0.144608498 0.399633735 -0.84514159 0.368951052 -0.646057069 -0.875280261 -0.14907895 0.833401382 0.0256390553 -0.443786353 -0.158150807 0.512886882 1.06906438 -0.455712646 -0.597269773 -0.72047013 -0.454258859 0.367729753 0.755596459 0.0566902645 0.885007799 -0.581547916 -0.81569159 0.0731594339 -0.0664744675 -0.226921335 0.68882674 -0.36855942 -0.415131927 -0.138287529 0.203627899 -0.138473243 -0.0751544982 -0.049665004 0.0141526274 0.130240977 0.591840744 -0.16309379 -0.420744419 -0.786299229 0.466226161 0.434377432 -0.303777188 0.475368917 0.232610598 -0.220425323 0.0428728461 -0.180623889 1.19493032 0.049275253 0.226010501 -0.599662006 -0.662356198 0.437564194 -0.699162185 0.759620965 0.479633361 0.0377845727 -1.14380288 -0.599586487 0.692145228 0.0315173306 1.11730754 0.123444915 -0.461409658 0.544835806 0.188643202 -1.28644896 -0.381754607 0.911728859 0.0366524048 -0.585784554 0.23015146 0.94071871 0.974732697 -0.917927146 -0.671345234 0.676035941 -0.046718616 -0.170627385 0.738198996 -0.579025686 7.80317932e-05 0.0139924083 0.139759779 -0.00918522384 -0.197253704 -0.0436438099 0.767436624 -0.702506781 -0.188485205 0.00120929466 -0.872229338 0.00349409296 -0.465299428 -0.475141883 -1.03070295 0.640273333 -0.0124070449 0.283252954 0.388814688 0.0228175614 -0.712508857 0.184764996 -0.0195590165 -0.0761551261 0.780219138 -0.468900084 1.01027858 0.850459874 0.0791970044 0.289573222 0.609668911 -0.446056664 -0.0120710377 -0.0771532729 0.0383533314 0.569497168 0.0382279344 -0.981724322 -0.708863735 -0.0835401267 0.263886988 0.446367025 0.056265112 -0.286729068 -0.598685145 -0.567880452 0.119255513 -0.153990105 0.449138939 -0.732455134 0.124345161 -0.59344089 0.608776271 0.850147247 -0.218007565 -0.112822264 -0.364839286 -0.567856133 0.787165165 -0.0290311277 1.27706969 -0.139635473 0.0888887048 -1.06610048 0.29451704 0.319146782 0.0772353262 0.797065616 0.621109962 0.589343071 -0.0147307059 -0.426314682 -0.0757482573 0.338959485 -0.966159284 -0.279718339 0.660401165 -0.38519305 -0.803597808 0.128146663 -0.106480107 0.654111683 0.0336122364 0.607973218 0.171479642 0.0984457135 0.284156114 1.27786565 -0.546723187 0.173642069 -0.0821887404 -0.310536265 -0.853045702 -0.884507895 -0.459706366 0.513601303 0.703087389 0.0857312754 0.0604294837 0.264116406 -0.0603622012 -0.352316737 -0.931676865 0.0577883087 -0.163384184 -0.120782532 0.151268095 -0.409998268 0.00673104543 -0.398992777 0.399299383 0.698101282 0.376630276 -0.184944481 -1.1943897 -0.500910997 -0.0789451152 -0.161492139 -0.00798839051 0.231889889 0.309273809 -0.502969384 0.310266823 -0.0215727147 0.0552788414 -0.300952733 0.555964649 0.0795118138 -0.911269605 -0.174414009 0.246688187 -0.529788256 0.228385493 -0.260252535 -0.315533102 0.324460089 0.178592801 -0.562630117 -0.830896735 -0.651127875 0.15282701 -0.247281238 0.398802608 0.102846466 -0.0345140733 1.2135253 -0.101101309 0.148498207 0.206479594 -0.0508246757 -0.0210777204 -0.440779358 0.235444561 -0.324857593 0.614455998 0.899756134 0.738345623 -0.516093016 0.371851891 -0.708813369 -0.404717118 -0.113047764 -0.215777755 -0.266964376 -0.850415349 -0.678867936 -1.34297192 0.290462613 -0.451607794 0.361925274 -0.00954846386 1.18415225 -0.866872251 -0.818236589 -0.56291008 1.02871251 -0.497051746 -0.224016428 0.0134841278 0.239805639 0.00276686391 0.0289149005 -0.166820019 -0.912284195 -0.0342752896 -0.186864048 0.821808159 -0.234841466 -0.733576 -0.240131631 0.398568034 -0.00931024551 0.96772486 -0.0572630577 1.0221957 -1.24908888 -0.602301121 0.0738570839 -0.223704427 0.101043805 0.368051291 0.591987967 -0.304016799 -1.2324723 0.437076181 -0.115016624 0.35806945 0.0494902991 0.353498399 0.23787874
s 1 slot 1 300 -0.0151798911 -0.00857839361 0.0609368049 -0.142856568 0.278264195 -0.0760766864 -0.0490120202 0.260887414 -0.242025673 0.0681011155 0.0143518504 0.206539303 0.281107396 0.10700807 0.262878656 0.0155872526 0.17580165 0.120939933 -0.155662224 0.222380504 0.140180558 0.228778571 -0.282004774 -0.24562344 -0.0181769356 -0.128407568 0.101984121 -0.20086731 -0.267044067 -0.0642302185 0.0846728459 0.136275232 0.183717772 -0.219453782 0.115760528 0.0131699583 0.141999826 0.197612077 -0.221075684 0.277314991 -0.164776176 0.192641541 -0.128532842 0.104484022 -0.00576140452 0.109972112 -0.05704825 -0.262639761 -0.275431007 -0.258546412 0.164805472 0.0114952791 0.131354704 -0.178204536 -0.259826392 -0.241049305 0.0245965663 0.293908328 -0.189686701 -0.240885317 -0.255731523 -0.204100326 -0.0108251935 -0.220889196 0.0710613653 0.0565110333 0.207173049 -0.0199629422 0.247696698 -0.274263203 0.132586986 0.103897206 0.294740915 0.0194469616 -0.164181009 0.12935397 -0.140807241 -0.148846522 -0.201767206 -0.235950172 -0.146241799 0.088474296 -0.0563477054 0.118459865 -0.110554017 -0.288692623 0.101858966 0.203408539 -0.190785035 -0.136691183 0.0586531721 0.00766905304 -0.19551751 0.0582802631 -0.227440372 0.247305498 -0.132133394 -0.0177460164 -0.13292186 -0.139625221 0.204455003 -0.254180312 -0.242364928 -0.261280239 0.0320818983 -0.246955618 0.212696299 0.167548433 0.26409018 0.257719427 0.281876951 0.0110119423 0.119302586 0.160603136 0.213898003 0.180524006 0.258689135 -0.253831655 -0.255426168 -0.194206491 -0.192304879 -0.116278134 0.161787614 0.0919813663 0.209595084 -0.230162516 0.200176984 -0.0775754303 -0.00691350549 0.129428163 -0.0629071668 -0.0563336946 0.10731709 0.0253140591 -0.0133614615 -0.0027374709 -0.287540138 -0.298681647 -0.28016904 -0.216953158 -0.231066242 0.173337638 -0.0656652376 0.111494668 -0.148982599 0.286600471 -0.0803059936 0.0770621225 0.247431904 -0.0638640225 -0.0731275454 0.148201272 -0.0195876453 -0.0986946896 0.200303271 0.0128693655 0.265101731 0.189059705 -0.140390679 -0.137232527 0.0767634287 -0.0769181699 0.090499185 -0.199753776 -0.270856977 0.157127738 0.254115343 -0.194118112 -0.189039633 0.228732795 0.261939764 -0.171368018 0.0121733267 -0.135407105 -0.0904913023 0.287451506 0.187380046 0.00432224758 -0.248415053 -0.000272582431 0.189370036 -0.187083825 -0.0912115946 0.0919215828 0.0940798447 -0.212255955 0.026419824 0.152038246 -0.21249406 -0.0924414992 0.26036334 -0.184862927 -0.148278147 0.2037898 -0.208619609 0.13859579 -0.114695936 -0.271575242 0.168267131 -0.212193176 0.253187567 -0.0884385854 0.297087461 -0.190736637 -0.026574051 0.250106186 0.15463379 -0.0254863035 0.250489682 0.116645552 -0.250333935 0.262349129 -0.137525856 -0.0383394659 -0.268077195 -0.131461427 -0.280874968 0.258270323 0.231864631 -0.0926260576 -0.0095290849 -0.106055923 0.200389296 -0.0600393675 0.147363216 -0.297744632 -0.220120177 -0.260219455 -0.196308061 0.103502423 -0.0035329808 0.186960891 -0.207560211 -0.123447619 0.27031064 0.0476548448 -0.00620016642 0.0759555176 0.115530409 0.21278961 -0.173588857 -0.209890157 0.209255323 0.0531348623 0.184694812 0.0610391274 0.0712555572 0.0509813167 -0.170626253 -0.279040396 -0.0560338162 0.298596412 0.0690758303 0.1979568 0.192600116 0.0702544376 0.0618010573 0.0758180842 -0.106247373 -0.297090113 -0.249115646 0.194874942 0.0634637624 0.276348084 0.186832756 0.255945534 -0.0146311503 0.138323024 -0.0420913808 0.195446357 -0.222730577 0.266795695 0.0435263626 -0.161712438 0.209926665 -0.21040149 0.250392735 0.173176527 -0.214454889 -0.159822911 -0.202905819 -0.183877558 -0.101330586 0.13912791 -0.205865204 -0.0677690729 -0.295527101 -0.280169457 -0.0692863315 0.293172926 0.210269734 -0.239382431 -0.150984198 -0.0731673241 0.216822267 -0.112851992 0.0940168425 -0.0143235652 -0.131446809 -0.209476948
y 1 slot 1 300 -0.0384965949 -0.0226542056 0.293216974 -0.28325671 1.38305652 -0.10745509 -0.221022934 0.629613221 -0.557062626 0.0995331183 0.0727727711 0.416529953 0.78425616 0.474476814 0.169736102 0.0686066002 0.261758447 0.315527409 -0.353286386 1.00217724 0.623879433 0.75244838 -0.784089506 -0.978946507 -0.0328050293 -0.223611414 0.3602961 -0.38223657 -0.908942699 -0.166689798 0.277043939 0.0951976776 0.129387572 -0.225932837 0.473911464 0.0608395338 0.614772797 0.339932829 -0.382799298 0.739859879 -0.722534657 0.242796674 -0.245260879 0.395914465 -0.017891489 0.270914793 -0.248822227 -1.00154817 -0.474852681 -1.00749898 0.27996251 0.0164512098 0.149258494 -0.81858474 -0.34809047 -0.206471726 0.0969197154 0.453151494 -0.446706116 -0.477833271 -0.951965809 -0.447837979 -0.0528442375 -0.684005976 0.164996907 0.030346632 0.88494271 -0.0652003139 0.645412624 -0.188435003 0.5466699 0.174987838 0.570168495 0.0879836455 -0.147266969 0.552813053 -0.445948243 -0.489006907 -0.0967951715 -0.569362223 -0.558094382 0.432605207 -0.236681461 0.568857849 -0.29512617 -1.00989044 0.0514517091 0.840804815 -0.856843531 -0.266107172 0.0525943041 0.0314582475 -0.415281892 0.0669327527 -0.7756356 0.213930413 -0.433583975 -0.0805141926 -0.0909721255 -0.129367009 0.777750671 -0.954262376 -0.59896636 -0.441755503 0.148440972 -0.791971862 0.395089984 0.228358641 1.21689808 0.759778798 1.19074559 0.00760308281 0.543808043 0.113116421 1.03629196 0.566473842 1.07508397 -1.01330006 -0.27215299 -0.384215027 -0.760762453 -0.510375679 0.112719528 0.309068441 0.369169325 -0.934684694 0.151464656 -0.344906539 -0.0242014807 0.1262936 -0.100603215 -0.122923031 0.314709991 0.0260739755 -0.0296141654 -0.0135811297 -0.964574099 -1.09813082 -0.474294603 -0.861928642 -0.194771096 0.516181231 -0.167685196 0.466363609 -0.188967079 0.417010903 -0.105968177 0.16350162 1.20367324 -0.0568412021 -0.362584621 0.415397197 -0.0504696593 -0.385931015 0.416412592 0.0616269298 0.534026146 0.503316343 -0.561644256 -0.274513572 0.365560591 -0.107942238 0.322062969 -0.802966535 -1.04787445 0.32296595 1.22671914 -0.252905488 -0.811195374 0.839591324 0.563701928 -0.436976284 0.031460911 -0.323591143 -0.0774515495 0.322497964 0.317893386 0.0239601526 -0.597912312 -0.00054460176 0.593995571 -0.449243963 -0.416273236 0.450481743 0.156471938 -0.649698496 0.119632624 0.310950935 -0.397170305 -0.310328692 0.318053544 -0.226671368 -0.742167115 0.199983463 -0.401992738 0.232727215 -0.233873695 -1.18898296 0.406691104 -0.619945467 0.659193575 -0.208682552 1.38458347 -0.74605006 -0.125855863 0.896138608 0.477867097 -0.0561253093 0.663559556 0.399494112 -1.19982219 1.05791628 -0.37722367 -0.0485074148 -0.353972793 -0.413941622 -0.610267997 0.819704831 0.807232022 -0.279878199 -0.046468664 -0.330160886 0.200169861 -0.146362603 0.276197374 -0.828276932 -0.484346569 -0.572620988 -0.606081188 0.417154789 -0.0143086081 0.901421785 -0.916694582 -0.0932835937 0.163688958 0.199220508 -0.00829367526 0.0642232001 0.102204926 0.581234336 -0.108669586 -0.401909292 0.642316997 0.0538101047 0.396419048 0.227323279 0.256015152 0.160828665 -0.809833705 -0.750426471 -0.247043595 0.180845037 0.0931668878 0.647800028 0.742558718 0.32877329 0.305981874 0.0960216075 -0.415465444 -1.0954864 -0.124247856 0.87178427 0.217002586 0.798525631 0.905186653 0.963016212 -0.040542163 0.215911984 -0.0742254406 0.218643695 -0.533438087 0.432718575 0.094142653 -0.67813468 0.148993134 -0.817850173 0.807230473 0.307746291 -0.819621265 -0.240262836 -0.330007434 -0.33218354 -0.38780421 0.281800807 -0.876892149 -0.282934636 -1.3229599 -0.525161207 -0.0632627234 0.158370152 0.402611166 -0.814576387 -0.202457383 -0.355524689 0.590354502 -0.0768603012 0.133214608 -0.0322053619 -0.240266964 -0.449502528
s 2 slot 2 300 -0.247706711 -0.0500222333 -0.196336597 0.222594872 0.189743191 0.285741121 0.253125489 -0.246565461 -0.207087666 -0.0864436775 -0.210839108 0.0154203055 0.222204134 0.0863868967 0.209357962 -0.0335516371 0.150483608 0.12744239 0.0902703702 0.271233678 0.0171554256 -0.10411682 -0.257304668 0.164508313 -0.0350568704 -0.203728288 -0.127475768 0.0905939788 -0.101220503 -0.295380473 -0.27629596 -0.0494129583 -0.132826209 0.0946566015 0.111008808 0.262673467 -0.279775679 -0.297295779 0.24257791 -0.168608606 -0.273696274 -0.276998281 -0.0435522944 0.014430251 0.273310453 0.187663168 -0.188241825 0.216011301 0.0665454939 0.174439356 -0.290044695 0.0918234736 0.270672441 0.0652980953 -0.275368422 -0.269705951 0.0307620335 -0.230425894 0.105144821 -0.0604737028 0.138123974 -0.0478676222 -0.169905514 0.16661565 0.0289728306 0.255384743 -0.153017163 0.242459208 -0.00293594948 -0.24156484 0.239608347 0.064103879 0.200640962 -0.131697476 -0.0298078936 0.0627687499 0.0594147258 0.0147579247 0.13418135 -0.0913251191 -0.22379519 -0.150663018 0.163833246 0.123440117 -0.074841395 0.259711027 -0.160387307 0.0411971994 0.165381268 0.135118768 0.0697924793 -0.0744954944 0.192389816 0.274757147 -0.247249737 -0.122030698 0.197652236 -0.0380025841 -0.299261242 0.107652597 -0.272317231 -0.0160856266 -0.0553004816 0.196649596 -0.0589791425 0.0842054486 -0.0875672698 0.041477114 -0.288973778 0.125010312 -0.0196210276 0.218804389 -0.0126386937 -0.2548801 0.253226697 0.107610233 0.137713924 0.0487373993 0.147878021 -0.180458531 0.246380478 -0.021828251 0.226626068 0.167781413 0.157764658 -0.28602016 -0.286524296 -0.0242577996 0.28702265 0.126373962 -0.218906075 -0.253344357 0.143248931 0.0809080377 -0.137736604 0.0833892003 -0.0759348795 0.178416491 0.0297684353 -0.192945376 -0.11887338 -0.012975187 -0.0399827026 0.190028191 -0.230777875 0.00469190441 -0.154379651 -0.284998 -0.0241047982 0.0152884554 0.288176894 -0.135608777 0.0397985168 0.0811648145 0.124164172 -0.248059198 -0.0539605096 -0.148143604 0.183204249 -0.277064383 0.0281631276 0.251617789 -0.264410019 0.201092407 -0.0391426757 0.110385947 0.168969736 0.158551469 0.0304391775 -0.046506051 0.0279554576 -0.0140518304 0.247773021 0.0421963148 -0.0204350781 -0.105176359 -0.292748421 0.180995882 -0.141672671 0.287383884 0.170684278 0.185566068 -0.0820138156 0.265262932 0.298864633 -0.190348625 -0.148526862 -0.217271119 -0.0834408775 0.259381831 0.134190664 0.287852377 0.290277272 0.233915374 -0.0412033461 -0.233070344 -0.199160799 0.153730646 0.109264888 -0.283740252 0.0219382141 0.117052361 0.258982331 -0.212508753 -0.219301656 -0.0756135955 -0.289996356 0.253058672 0.168528914 0.074912563 0.214678675 0.103127077 -0.095394291 -0.228957057 0.111718871 0.129612297 -0.138472125 0.151590839 0.143439934 -0.0564979352 0.290685505 -0.207064077 -0.135624588 -0.0561520904 0.0497760773 0.0696646497 -0.246679693 -0.0128082158 -0.224796966 0.0586528406 0.216959268 -0.280414641 -0.0349607617 0.273142964 -0.139509588 0.280908883 0.294204056 0.193577975 0.173408434 -0.0256653 -0.0356027335 -0.0304688122 0.10150528 -0.00151484204 0.0508589 0.193243593 0.0154453032 -0.230119914 -0.115049034 0.0255885292 0.0634458065 0.0989954397 0.137150303 0.00627396023 -0.0357124321 -0.224704459 0.135245293 0.178692058 -0.114020914 -0.144973636 -0.276882917 0.216934457 0.198216617 -0.0905813277 -0.260291576 0.146246091 -0.0320732035 0.201341078 -0.12797685 -0.109273143 -0.0724349096 -0.258003175 -0.0431656539 -0.267596453 0.187658161 0.118022278 -0.127301499 -0.114685364 -0.216479301 -0.153907672 -0.185596034 0.20742479 0.141999856 -0.268066585 -0.0387912653 -0.0591440797 0.272591799 -0.131193176 -0.169490576 0.255957633 -0.238654926 0.103407256 -0.0419761017 -0.21373868 -0.0195739977 -0.14584285 -0.150735363 0.0554959029 -0.0404125005 0.0486992225
y 2 slot 2 300 -0.670040548 -0.116001107 -0.959348738 0.434268206 0.943374872 0.402982086 1.13968337 -0.591693938 -0.478533894 -0.131314725 -1.015674 0.0328515396 0.619048953 0.379987508 0.135116413 -0.150169715 0.220127255 0.328980744 0.206086457 1.22334671 0.0729717985 -0.342410743 -0.717812717 0.65114212 -0.0635307282 -0.347467124 -0.451736569 0.177003503 -0.340033889 -0.776447833 -0.917156935 -0.032710582 -0.0909851715 0.0980666652 0.461322427 1.10760331 -1.21295667 -0.509620845 0.422370523 -0.445739925 -1.19277906 -0.351405144 -0.0841990039 0.0536687747 0.700059414 0.455440283 -0.830901325 0.828458846 0.118045956 0.682633996 -0.489096642 0.179259211 0.304468572 0.296789229 -0.367633343 -0.223094687 0.120987736 -0.357149005 0.249709427 -0.121749602 0.513112724 -0.104176246 -0.826729357 0.520201266 0.0690613985 0.14620541 -0.656873643 0.769999385 -0.00814471953 -0.166397348 0.993041039 0.110009141 0.392911941 -0.559753776 -0.0243941825 0.272913396 0.188346088 0.0487242118 0.065215297 -0.220779911 -0.850941658 -0.734406412 0.681986451 0.594672143 -0.205521822 0.906956971 -0.0874700546 0.171889558 0.736293614 0.265686542 0.0635113195 -0.270366788 0.410060942 0.295609921 -0.839918315 -0.104497947 0.655260384 -0.171945319 -0.218617633 0.097196497 -1.03311992 -0.0574903116 -0.135317296 0.331572503 -0.277024746 0.269151777 -0.162894011 0.0566639006 -1.32762372 0.368160248 -0.0815986097 0.148044109 -0.0570032783 -0.187602147 1.22616184 0.33285898 0.567202866 0.195937246 0.158294231 -0.3552531 0.969525218 -0.0945076197 0.163738787 0.559412181 0.272189826 -1.16440916 -0.212229043 -0.105793402 1.13871336 0.124638975 -0.34608689 -0.559834003 0.415293604 0.0961198285 -0.326826632 0.245897934 -0.252287686 0.655555725 0.0521843955 -0.76949811 -0.0964984819 -0.0396802165 -0.103953883 0.801024973 -0.295807779 0.00785926729 -0.210397199 -0.609943092 -0.115678832 0.0119127212 1.4167738 -0.379190624 0.0981403589 0.320341289 0.256897628 -1.21737134 -0.111441642 -0.396343887 0.737833917 -0.560365379 0.132357985 0.367122591 -0.945026696 0.804555893 -0.15064621 0.225351304 0.81774956 0.21024631 0.130938217 -0.168196023 0.0606084578 -0.0379162803 0.677656412 0.0991017669 -0.0185277686 -0.115191467 -0.496180832 0.794031203 -0.339338124 1.02012801 0.534644842 0.448257983 -0.373160481 1.30885065 0.509186268 -0.585445225 -0.688407898 -0.43787834 -0.158457562 0.870390296 0.159986794 0.349357009 1.44634056 0.232818469 -0.0768687055 -0.391250849 -0.39714852 0.677924335 0.268672347 -0.82900995 0.0603058152 0.272604376 1.20465839 -0.825577676 -1.04391277 -0.273233652 -0.898993611 0.513023257 0.44626829 0.249849632 1.02376866 0.417834133 -0.267612398 -0.291070491 0.149960756 0.408221781 -0.301645219 0.474322855 0.495981455 -0.176487625 1.32018745 -0.653218448 -0.133350641 -0.141258255 0.0936377123 0.193451494 -0.541362584 -0.0313185193 -0.694098771 0.234511554 0.679251373 -1.34776199 -0.156385854 0.201788247 -0.0838750601 1.16482508 0.635109305 0.172160208 0.150288433 -0.0723007545 -0.020035129 -0.0590015277 0.316163719 -0.00453456119 0.109207831 0.727732837 0.0575087592 -0.718643188 -0.547367752 0.0700597316 0.285583735 0.0613167547 0.190180257 0.0216092318 -0.138205037 -1.03871536 0.663218558 0.236051843 -0.445767105 -0.534471452 -0.139101475 0.966733098 0.66773212 -0.263818711 -1.254408 0.549181283 -0.100914583 0.316175878 -0.242811605 -0.123910829 -0.176877335 -0.421602458 -0.0956057236 -1.13155901 0.136164188 0.458161265 -0.414574474 -0.205439806 -0.827795625 -0.232171401 -0.297780484 0.368812054 0.538005769 -0.546005189 -0.162766591 -0.248452619 1.22138309 -0.245475814 -0.136217639 0.135812014 -0.461150438 0.355788231 -0.0564637259 -1.02988231 -0.056110438 -0.0976490825 -0.215914398 0.107723057 -0.0711871758 0.101566002
M 6 6 -0.0387242343 5.5256614e-05 -0 -0.000507562777 0.000525031138 0.00466227631 5.5256614e-05 -0.0386571602 -0 -3.93333921e-05 -1.06408891e-05 0.000374720562 -0 -0 -0.0397635604 -0 -0 -0 -0.000507562777 -3.93333921e-05 0 0.032583336 -0.000734239771 -0.00331875461 0.000525031138 -1.06408891e-05 0 -0.000734239771 0.0299910114 -0.000897824924 0.00466227631 0.000374720562 0 -0.00331875461 -0.000897824924 0.0316170441
mv_in 0 6 0.400119185 -0.31754145 0.752254426 -0.739788532 0.0853147209 -0.394493312
mv_out 0 6 -0.0169308101 0.0121777257 -0.0299123143 -0.0230487889 0.00366949681 -0.00834765664
mv_in 1 6 0.975365102 0.697152972 0.798019886 -0.200102761 0.809778512 0.421585411
mv_out 1 6 -0.0352394731 -0.026738828 -0.031732112 -0.00903620603 0.0245591688 0.0180749963
mv_in 2 6 0.58786875 0.0853368267 -0.363930583 -0.733968616 0.859428585 -0.331691861
mv_out 2 6 -0.023482729 -0.00337096311 0.0144711757 -0.0237471056 0.0269195839 -0.00605008688
pg_inf 1.94333541
xcp 300 0.124024175 -0.630989014 -0.760784299 0.0986391306 1.27243163 -0.57016319 -0.480583012 1.33075976 1.31928885 -0.114327431 1.43377805 0.90019099 1.22966886 -0.46621357 1.31613827 1.25733001 -2.73192906 -0.0725543709 1.88864573 0.542554868 -1.01868916 -0.0995138022 -0.929979352 -0.315558434 1.36002684 -0.767296553 0.430291181 0.440368307 0.207712779 -1.17150221 1.90937209 0.963887036 0.874301255 -1.41172123 -0.0969945788 -1.9857588 -0.0466960251 -1.48830175 -2.61265788 1.86236379 -2.20378637 2.04236087 -0.0683472512 1.96362387 1.70576525 0.654756225 1.65355337 -0.340645105 0.581902325 -0.989845591 0.684095683 -0.00303188061 -0.703189705 -0.65189755 -1.32557243 2.29338384 0.151862483 -0.424363084 1.18105161 0.722900544 -0.536231339 0.353269413 -1.19121122 0.204988837 -1.97132266 1.591965 -0.608218729 2.20179248 0.870059673 1.81027722 -0.46693346 0.739287484 0.170204131 0.465914033 0.404538751 -0.884021878 -0.305179992 2.38160455 -0.975181119 -0.900206228 -1.4850164 -0.0871256813 1.6479191 1.9213795 -0.169877648 -0.151262507 0.079653725 -1.68009329 -1.07176292 -1.83515098 -0.774562418 -1.16203332 -2.26753693 -1.02575159 -0.633600978 1.91870308 -2.17785573 -0.334988154 1.98227139 -2.16800527 -0.838860154 -1.99673614 -2.87926785 0.379148534 -2.26041434 1.83102775 0.669721723 2.59813547 1.23306042 -0.737857326 1.13432101 -1.55836765 -1.12385425 -0.629669666 1.46041024 -1.69426983 1.26755393 -1.07612828 -2.74267483 -1.30562804 1.09528436 -1.51115882 -1.50310558 0.693945765 1.06213669 1.58909309 0.811498761 -0.226974949 -0.525224209 -0.492000788 -1.4863022 0.0134737492 0.101097763 -0.427783668 0.48756493 1.4932408 0.717181828 -1.13630485 1.1316368 -0.0338546075 -1.56492294 -0.937488019 -2.41630924 -1.08010632 0.748481929 -1.54974985 -0.0455013807 -0.808961239 -1.94354678 -0.778694469 -2.71158791 -1.54881321 1.95492029 -1.91253293 1.87882217 0.701630592 -1.20793521 1.18068182 2.1023444 0.210960895 -2.0769401 0.480581127 1.68083201 2.09824896 2.02436876 1.23219204 -0.356659277 2.81936598 1.12171999 0.724332675 0.0854964256 -1.15276594 -0.955523551 0.532047749 0.876803502 -3.20086765 -0.0209327079 -1.9524157 2.18548708 -1.71098672 1.27788133 0.874477282 -1.41354132 -0.0220676629 0.13113445 -0.441150635 0.288316485 -0.112005591 0.151170447 0.22287476 0.993913054 -0.325773589 -1.44056129 0.0997772217 0.695891261 -1.00695543 1.0172754 2.36149672 -2.00803805 0.40143126 -0.457756698 -0.613362491 1.35049522 -0.0184387704 -0.250758293 -1.0008641 2.25940933 -1.2320466 -0.681900144 -0.497973907 0.756972445 -2.41770461 1.98098899 0.727205336 1.73171441 1.28917718 -1.25844573 -0.864536205 0.419016838 -1.67558424 -1.93620229 2.34657494 -1.73759258 1.14102793 1.43327689 0.380342096 0.742223203 0.0988658965 -1.04673266 -2.10195708 -0.839026906 -2.14171667 -0.575983143 -1.45637791 1.86736503 0.357805603 -1.51107024 1.33321671 1.61472535 0.790757596 1.88625846 -0.0688285828 0.4385427 1.11113989 0.701967955 -0.186697903 0.526307106 1.42757839 1.92191696 -0.553525686 0.739907742 -0.346224012 -0.400788695 0.352726221 0.0705034658 0.426359879 -0.671593904 0.453605115 0.0491724382 -0.51913482 1.90594959 -1.94099784 -0.00596359139 -1.43655517 1.73894727 -1.20309758 -1.19577555 0.78476578 0.210624665 -0.954667298 0.794132111 -0.683076096 -0.282824188 -1.68850874 -0.438405562 -0.214363754 0.793936193 2.46689483 0.521089146 -1.91906607 -0.354451828 0.241409536 1.54763651 -0.654616887 0.178566575 1.15696275 1.96332645 -1.0055215 -0.521444758 -0.57449455 -0.136284539 0.973639548 1.75364703 -1.53798068 -2.48280409 1.51694449 -0.905528559 -0.288109004 -0.748179078 0.311982672
vecc 6 -0.581972305 2.936086 -2.06903671 -0.104636423 1.6343219 -1.94392066
brk0 105 3 5 6 9 14 20 24 30 31 33 37 40 46 48 55 58 60 62 63 66 69 74 75 81 84 85 86 87 88 90 95 100 105 106 107 113 114 116 118 121 123 128 129 139 141 144 145 153 155 156 159 163 165 167 170 173 175 176 182 184 185 187 188 190 192 193 194 200 201 202 208 213 215 220 222 224 225 226 227 229 238 239 243 244 246 249 250 252 253 254 256 260 262 264 265 272 275 276 279 282 286 291 293 297 298
newact 25 125 228 53 25 157 93 67 47 172 127 285 91 131 152 32 132 150 218 207 164 248 267 34 96 241
newact_sorted 25 25 32 34 47 53 67 91 93 96 125 127 131 132 150 152 157 164 172 207 218 228 241 248 267 285
fv 170 1 8 17 21 23 28 49 64 77 97 109 126 133 136 168 169 177 191 204 205 206 217 230 232 259 268 278 115 186 22 283 180 147 2 39 89 223 59 179 18 130 27 166 255 11 94 38 299 16 56 195 280 134 102 72 274 294 258 13 79 135 103 277 203 146 221 295 240 281 290 287 71 12 158 151 251 242 197 234 99 148 137 211 289 162 231 65 82 92 50 183 45 36 257 42 57 80 160 44 52 273 216 237 104 26 15 138 142 35 19 174 171 73 212 154 266 198 296 210 271 247 263 122 196 41 43 181 161 269 83 124 29 149 143 10 284 111 98 68 189 245 199 119 120 288 101 112 61 140 235 78 209 270 76 219 54 110 7 4 117 236 292 261 178 233 108 214 70 0 51
fv_sorted 170 0 1 2 4 7 8 10 11 12 13 15 16 17 18 19 21 22 23 26 27 28 29 35 36 38 39 41 42 43 44 45 49 50 51 52 54 56 57 59 61 64 65 68 70 71 72 73 76 77 78 79 80 82 83 89 92 94 97 98 99 101 102 103 104 108 109 110 111 112 115 117 119 120 122 124 126 130 133 134 135 136 137 138 140 142 143 146 147 148 149 151 154 158 160 161 162 166 168 169 171 174 177 178 179 180 181 183 186 189 191 195 196 197 198 199 203 204 205 206 209 210 211 212 214 216 217 219 221 223 230 231 232 233 234 235 236 237 240 242 245 247 251 255 257 258 259 261 263 266 268 269 270 271 273 274 277 278 280 281 283 284 287 288 289 290 292 294 295 296 299
drt0 300 -0.00161056735 -0.0208668973 -0.0497494669 0 -0.0173507923 0 0 0.00392878929 0.132000754 0 0.0211769954 -0.0688033828 0.111064166 0.0439943841 0 -0.0702665581 -0.0626950282 0.101477534 0.0782250773 0.0454758246 0 0.0208239824 0.094235891 0 0 0.0306198037 0.0789321967 0.05136438 -0.105831628 -0.0339321855 0 0 0.0666153183 0 0.0221472184 -0.086559006 -0.0451051223 0 -0.0323505727 0.0733842815 0 -0.0726696173 -0.0715635863 -0.0755404089 0.0780279292 0.0901982347 0 0.0505481196 0 -0.0693098988 0.0872309055 -0.000612006286 -0.129926976 -0.0352230907 0.017844468 0 -0.121253158 -0.0320019831 0 -0.10523475 0 0.0103403579 0 0 0 -0.0081874003 0 0.042094345 0.0314259703 0 0.003202204 -0.119071083 -0.086553022 0.133748013 0 0 -0.00723344093 0.105774942 0.0139826193 0.0336571967 -0.0847232798 0 0.110556699 -0.0550878111 0 0 0 0 0 -0.130361675 0 0.0323679295 -0.0907981337 0.0502163635 0.0832653666 0 -0.103058265 -0.00719512883 -0.0208322073 0.137091962 0 -0.00940616796 -0.0779999786 -0.136128188 0.0934469729 0 0 0 -0.00790909086 0.0364280997 -0.0084768349 0.0194772916 0.00626562675 0 0 0.120755881 0 0.0197018019 0 -0.00654961353 -0.00504687996 0 -0.0109778323 0 -0.0750157905 -0.0181604494 0 -0.0835934531 0 0 0.0779509545 0.0608636726 0.0955208177 0 -0.1391337 0.0445573564 0.0298799071 0.0353141442 0.0343687979 0 0.0224787912 0 0.132165203 0.007788424 0 0 0.0612163211 -0.0948063871 0.108780704 0.038838349 -0.0468540321 -0.0639343984 0.0663231382 0 -0.11468137 0 0 0.041454795 -0.0730505601 0 -0.0873440182 0.0844260636 0.127703781 0 0.0529709103 0 -0.109244355 0 0.136054752 0.134025057 0 0.0231828748 0.0550320395 0 0.0971952082 0 0 0 -0.00313810263 -0.123811728 0.0968653176 0.0831149057 0 0.0628651772 0 0 0.123572975 0 0 -0.0617811879 0 -0.045158286 0 0 0 0.0117743536 0.0421564254 -0.102846188 -0.0711352552 0.041959102 0 0 0 0.0393161925 -0.125189253 -0.0379094025 0.0561588434 0.0911980786 0 0.0207800472 -0.0401710562 0.0739975005 0.0299378969 0 -0.00510145259 0 -0.0823016425 -0.0134004086 0.0746212811 0.0164295615 0 0.0185592553 0 0.0209417918 0 0 0 0 -0.0355661594 0 -0.0738762087 -0.011742471 -0.0907352302 -0.000727823759 -0.125403452 0.00990636923 0.0121815329 0.0332149967 0 0 -0.0664292506 0.132756816 0.120330655 0 0 -0.0117755972 0 -0.0634391035 0.0826311709 0 0 -0.0795467595 0 0 0 0.126013958 0 0.122621461 -0.110070188 0 0 0.00425644054 0 0.110351939 0 0 -0.0528473019 0.0548732709 0 -0.0306249109 -0.0227952553 -0.105760412 0 -0.0698058739 0.0615106037 0 0 0.0228412811 0.0961856147 0 0.026561499 -0.00345066073 0 0.1209168 -0.0239732827 -0.0360326856 0 -0.0401014467 -0.0326447113 0.0169465778 0.101891068 0 0.00436436522 0 -0.072031085 0.118618975 -0.0753853911 0 0 -0.0861439784
step_max0 4.10182057
drt 300 -0.00129606338 -0.0865750924 -0.222821377 0 -0.0915431271 0 0 0.0127559089 0.553238203 0 0.0745976072 -0.285759202 0.442565031 0.172550648 0 -0.289206785 -0.26471314 0.410620985 0.324298306 0.180290133 0 0.071364728 0.397815301 0.0178014143 0 0.125596941 0.32111474 0.213540605 -0.418888358 -0.138268017 0 0 0.273244083 0 0.0908439159 -0.352098224 -0.206837748 0 -0.135730332 0.293097215 0 -0.289631331 -0.291652678 -0.31740532 0.32248576 0.365115618 0 0.207339317 0 -0.263288667 0.363792049 -0.00151367269 -0.544321644 -0.144478798 0.0852942258 0 -0.496534478 -0.126592841 0 -0.431861502 0 0.0512543893 0 0 0.00041644467 -0.0460611063 0 0.17266345 0.124655099 0 0.0138360896 -0.493124561 -0.370167656 0.548096166 0 0 -0.0244690865 0.447884809 0.0475707778 0.143756381 -0.343016958 0 0.467819697 -0.235591927 0 0 0 0 0 -0.542044955 0 0.132767439 -0.372720981 0.205978513 0.352709759 0 -0.422726512 -0.0318842601 -0.0754208695 0.559231467 0 -0.0229415544 -0.315878523 -0.567596617 0.376940276 0 0 0 -0.0639494718 0.139005884 -0.0590779326 0.0723548987 0.0154356437 0 0 0.487340146 0 0.103030718 0 -0.0171338662 -0.000210990906 0 -0.0551023575 0 -0.316444993 -0.0744909048 0.0173337533 -0.342885345 0 0 0.331199815 0.249651864 0.391809255 -0.00634588496 -0.574833346 0.181122003 0.13847416 0.165980511 0.147794096 0 0.0983113535 0 0.550744482 0.0321189324 0 0 0.254901827 -0.390734967 0.42762232 0.158475386 -0.192186832 -0.269599497 0.272045612 0 -0.477911459 0 0 0.170040131 -0.284933607 0 -0.365849395 0.336088969 0.51753566 0 0.217277169 0 -0.464100124 0 0.573514532 0.538483695 0 0.104950109 0.225731552 0 0.403514399 0 0 0.00960739061 -0.00669674082 -0.506230211 0.390476627 0.344091041 0 0.259559178 0 0 0.504202896 0 0 -0.246575646 0 -0.201400365 0 0 0 0.0528744666 0.181710436 -0.399259799 -0.29970186 0.18063832 0 0 0 0.169946574 -0.52641718 -0.174113737 0.223287017 0.374078155 0 0.080841761 -0.133839213 0.287312356 0.130696498 0 -0.0238550041 0 -0.326553567 -0.0670343595 0.306083106 0.0709866733 0 0.0784270039 0 0.0873848608 0 0 0 0 -0.145886004 0 -0.303024198 -0.0773399831 -0.357387119 -0.0165703864 -0.506212003 0.0489709757 0.0440716786 0.13051927 0 0 -0.274880731 0.544544637 0.487777739 0 0 -0.0455121065 0 -0.267034943 0.338938236 0 0 -0.331369632 0 0 0 0.503068673 0 0.501505691 -0.450762274 0.0174786785 0 0.0129451097 0 0.439654326 0 0 -0.219696844 0.225080311 0.00387408415 -0.118521376 -0.0864242424 -0.430777197 0 -0.286499943 0.245949444 0 0 0.0930838849 0.403654722 0 0.12069594 -0.0172002108 0 0.50113135 -0.0807042445 -0.147799611 0 -0.15676146 -0.130220682 0.0627084398 0.424622321 0 0.0172016533 0 -0.302853708 0.493187816 -0.302716144 0 0 -0.349731831
sub_L 0
sub_U 0
sub_P 170 0 1 2 4 7 8 10 11 12 13 15 16 17 18 19 21 22 23 26 27 28 29 35 36 38 39 41 42 43 44 45 49 50 51 52 54 56 57 59 61 64 65 68 70 71 72 73 76 77 78 79 80 82 83 89 92 94 97 98 99 101 102 103 104 108 109 110 111 112 115 117 119 120 122 124 126 130 133 134 135 136 137 138 140 142 143 146 147 148 149 151 154 158 160 161 162 166 168 169 171 174 177 178 179 180 181 183 186 189 191 195 196 197 198 199 203 204 205 206 209 210 211 212 214 216 217 219 221 223 230 231 232 233 234 235 236 237 240 242 245 247 251 255 257 258 259 261 263 266 268 269 270 271 273 274 277 278 280 281 283 284 287 288 289 290 292 294 295 296 299
dg -61.2446945
step_max 1
