# lbfgsb component fixture 12 (LBFGSpp 0.3.0 BFGSMat/Cauchy/SubspaceMin, double)
seed 1592685364
n 5
m 10
npairs 7
ncorr 7
ptr 7
theta 3.61877583
lb 5 -2.99199724 -0.723837793 0.531933367 -0.254960716 -1.25304854
ub 5 -0.598000765 0.974213421 1.85377932 0.975020111 -0.441093355
x 5 -0.598000765 0.0325414315 1.45568001 0.551582456 -0.584313214
g 5 0.00403352641 -0.464419723 1.47151625 1.48003626 1.25272214
s 0 slot 0 5 -0.135094732 -0.0930549428 -0.186380714 -0.239944875 -0.00438168645
y 0 slot 0 5 -0.119218372 -0.416951984 -0.659483194 -0.421470523 0.0437318198
s 1 slot 1 5 0.226277858 0.141668469 0.272507817 0.0440097339 -0.269392401
y 1 slot 1 5 0.222211242 0.642911851 0.961398602 0.118385255 -0.307690471
s 2 slot 2 5 -0.26454407 -0.0524673015 -0.0164751764 0.00213861279 0.00808801316
y 2 slot 2 5 -0.198613822 -0.263189226 -0.038682092 -0.0228115767 0.0624313131
s 3 slot 3 5 -0.0648656785 -0.230757087 0.110616155 -0.0284512602 0.0468984023
y 3 slot 3 5 -0.098689191 -1.0224942 0.451557726 -0.0881371424 0.0972940326
s 4 slot 4 5 0.157833397 0.0857512578 0.024537567 -0.196590021 0.157911614
y 4 slot 4 5 0.0812447742 0.341857851 0.0857409611 -0.326444089 0.125767305
s 5 slot 5 5 -0.0484942831 0.110700704 -0.117354937 0.10091608 0.0548496656
y 5 slot 5 5 -0.0137305381 0.486724973 -0.45053187 0.181344539 0.031232981
s 6 slot 6 5 -0.143647492 0.28120774 0.028232839 0.0800548643 0.202226952
y 6 slot 6 5 -0.0922516212 1.15523696 0.0766592324 0.139856473 0.172843501
M 14 14 -1.47092821 -0.242937108 -0.897740433 0.748758178 -0.557403417 -0.970430852 -0 -1.89929903 -1.35360272 1.28170275 -0.761670749 1.02481379 -0.463366475 -0.841500372 -0.242937108 -1.01684781 0.0861600901 0.648380396 0.756751317 1.23210902 -0 0.406824335 -0.943364771 -2.28216433 -0.621555473 -1.43061253 -2.26702529 1.06841224 -0.897740433 0.0861600901 -8.64330754 -1.03585575 0.44897388 0.824744894 -0 1.67927379 -0.0162016454 -4.86304418 4.83170296 -2.85613323 1.83473158 0.715170106 0.748758178 0.648380396 -1.03585575 -0.896395149 0.0701578694 -0.000634404609 -0 -0.812411071 -0.973332531 0.408591705 -2.24406694 -0.910724301 -4.10617126 -0.000550118242 -0.557403417 0.756751317 0.44897388 0.0701578694 -6.79763005 1.65775278 -0 0.439368648 -0.489477147 -1.30931457 0.125498134 -1.15050887 -1.87353008 1.43750539 -0.970430852 1.23210902 0.824744894 -0.000634404609 1.65775278 -5.08747142 -0 0.786146303 -0.773561038 -2.24220894 0.320868382 -1.91539512 -2.90591146 2.39315396 -0 -0 -0 -0 -0 -0 -2.5878082 -0 -0 -0 -0 -0 -0 -0 -1.89929903 0.406824335 1.67927379 -0.812411071 0.439368648 0.786146303 0 4.42981406 0.851015406 -3.02666016 1.11479081 -1.76136065 1.08473737 0.681699685 -1.35360272 -0.943364771 -0.0162016454 -0.973332531 -0.489477147 -0.773561038 0 0.851015406 2.280297 2.22443189 0.87913147 1.42918893 2.25950115 -0.670786486 1.28170275 -2.28216433 -4.86304418 0.408591705 -1.30931457 -2.24220894 0 -3.02666016 2.22443189 11.5539478 -2.32849009 5.56032276 0.176331484 -1.94431129 -0.761670749 -0.621555473 4.83170296 -2.24406694 0.125498134 0.320868382 0 1.11479081 0.87913147 -2.32849009 5.40419408 0.214862039 3.57686996 0.278238127 1.02481379 -1.43061253 -2.85613323 -0.910724301 -1.15050887 -1.91539512 0 -1.76136065 1.42918893 5.56032276 0.214862039 5.91798972 2.01566789 -1.66091762 -0.463366475 -2.26702529 1.83473158 -4.10617126 -1.87353008 -2.90591146 0 1.08473737 2.25950115 0.176331484 3.57686996 2.01566789 10.5134389 -2.51983494 -0.841500372 1.06841224 0.715170106 -0.000550118242 1.43750539 2.39315396 0 0.681699685 -0.670786486 -1.94431129 0.278238127 -1.66091762 -2.51983494 2.0752019
mv_in 0 14 0.974600017 0.125784218 -0.625886023 -0.947925031 0.115989536 -0.506532133 0.541305304 -0.620580196 -0.946825027 -0.911057413 -0.319298804 -0.00865796115 0.969320059 0.914124966
mv_out 0 14 -0.876577949 0.140414397 9.47975199 0.115004898 -1.57218248 3.03520798 -1.4007943 -1.89150176 -3.5998688 -7.06288261 0.725882618 -0.70369196 7.0166188 -0.814850493
mv_in 1 14 -0.0117194699 0.938984752 -0.528043926 -0.931309164 -0.459246844 -0.14210169 -0.0174177065 0.691273212 0.405400932 0.564347386 0.688590348 0.507657945 0.294324845 0.882457435
mv_out 1 14 -2.06182262 -4.39173697 6.75484668 -1.99250022 2.88675823 0.164625007 0.0450736839 2.45407286 4.55186059 5.83482855 3.80222915 6.58114968 8.12772511 -0.824207554
mv_in 2 14 -0.118224561 -0.0983786434 -0.709591746 0.988945246 0.489366829 0.429573387 -0.896751702 0.186686963 0.0973486453 0.156738147 -0.620586932 -0.753948152 0.41542846 0.926898837
mv_out 2 14 -0.672245238 2.74771312 5.9101466 -0.0791290495 -1.69936263 0.00947653393 2.32062141 0.896300098 -1.84676645 -0.689729579 -7.1405477 -4.85572156 -8.50744105 2.93133937
pg_inf 0.923746645
xcp 5 -0.59913604 0.163256919 1.04150733 0.135011731 -0.936904151
vecc 14 0.378926028 -0.255225736 -0.0306664408 -0.318156304 0.100724955 0.163680782 0.000158768568 0.603186247 -0.064963419 -0.0125826066 -0.291630139 0.0980054487 0.00634147223 -0.287417245
brk0 0
newact 0
newact_sorted 0
fv 5 4 3 2 1 0
fv_sorted 5 0 1 2 3 4
drt0 5 -0.00162768186 0.187411085 -0.593812974 -0.597251122 -0.505521201
step_max0 1.32286307
drt 5 -0.223798424 -0.0381627636 -0.263535228 -0.685497485 -0.668735325
sub_L 1 4
sub_U 0
sub_P 4 0 1 2 3
dg -2.22327621
step_max 1
