# lbfgsb component fixture 06 (LBFGSpp 0.3.0 BFGSMat/Cauchy/SubspaceMin, double)
seed 1592637850
n 5
m 5
npairs 2
ncorr 2
ptr 2
theta 0.803116185
lb 5 -2.48127079 -1.28161764 -0.972861946 0.0521248877 -0.977932274
ub 5 -0.573622763 -1.28161764 2.18980503 0.9788059 2.16750264
x 5 -0.684560239 -1.28161764 2.18980503 0.271750987 2.16750264
g 5 0.159127831 -0.0447335579 -0.120727189 -0.11849919 0.0736804456
s 0 slot 0 5 -0.133833542 -0.168171123 -0.23467347 0.199253976 0.17852746
y 0 slot 0 5 -0.114168234 -0.179049447 -1.18509698 0.167955682 0.248181298
s 1 slot 1 5 -0.295084864 0.0332995094 0.00478783995 -0.117758125 -0.0301367212
y 1 slot 1 5 -0.231602192 0.0306295622 0.0208300203 -0.0787387565 -0.0586597882
M 4 4 -2.49002675 -0 0.00356106526 -0.156826737 -0 -12.4220634 -0 -0 0.00356106526 0 7.21034597 -0.274562524 -0.156826737 0 -0.274562524 12.0915349
mv_in 0 4 0.394182444 -0.94610095 0.31717205 0.255570263
mv_out 0 4 -1.02047561 11.752526 2.21815391 2.94133484
mv_in 1 4 0.905264258 0.00662338361 0.759897113 0.556935251
mv_out 1 4 -2.33876852 -0.0822760913 5.32943124 6.38359309
mv_in 2 4 0.273924917 -0.0247713625 -0.8354159 0.379142076
mv_out 2 4 -0.744514957 0.307711437 -6.12676041 4.77082478
pg_inf 0.159127831
xcp 5 -0.883941075 -1.28161764 2.18980503 0.420225752 2.07518398
vecc 4 0.0247883725 0.0399017134 0.0319532739 0.0354433954
brk0 2 1 2
newact 0
newact_sorted 0
fv 3 3 0 4
fv_sorted 3 0 3 4
drt0 5 -0.751871 0 0 0.559902711 -0.3481364
step_max0 1.26281745
drt 5 -0.20591442 0 0 0.187188199 -0.0484409186
sub_L 0
sub_U 0
sub_P 3 0 3 4
dg -0.0585175134
step_max 3.77724086
