# lbfgsb component fixture 15 (LBFGSpp 0.3.0 BFGSMat/Cauchy/SubspaceMin, double)
seed 1592709121
n 5
m 5
npairs 5
ncorr 5
ptr 5
theta 1.72986644
lb 5 0.600137472 0.833743095 -1.35778022 -2.0560112 -0.232794106
ub 5 1.05815136 0.833743095 -0.474560618 0.684055746 1.95405579
x 5 0.600137472 0.833743095 -0.587795138 -0.192111343 1.95405579
g 5 37.4075813 -15.3332186 -38.7598076 -28.9836617 25.1347179
s 0 slot 0 5 0.143662855 -0.140252218 -0.159117818 0.0282986611 -0.0801539645
y 0 slot 0 5 0.127005786 -0.340610355 -0.421385497 0.12614949 -0.124781139
s 1 slot 1 5 0.113536298 0.094760783 -0.268012136 0.130487606 -0.051870551
y 1 slot 1 5 0.0696008503 0.267927676 -0.814414501 0.560425758 -0.00180073886
s 2 slot 2 5 0.0169477984 -0.114326581 0.245584488 0.18997249 0.191780835
y 2 slot 2 5 0.00352162472 -0.315498143 0.759628475 0.898999989 0.145762756
s 3 slot 3 5 -0.250165254 -0.238099858 0.072849378 0.222061023 -0.130679384
y 3 slot 3 5 -0.161191329 -0.639750004 0.331231922 1.07050633 -0.234426707
s 4 slot 4 5 0.290625244 0.0496733412 -0.133608073 0.0397894382 -0.116290994
y 4 slot 4 5 0.230074257 0.0964422673 -0.376765698 0.16083014 -0.147146598
M 10 10 -3.00879606 0.871300026 0.524864917 -0.207382728 -0 -3.61026223 2.535298 0.0735918094 1.30850486 1.89742074 0.871300026 -1.21416759 -0.0733078395 -0.330127525 -0 -1.47999136 -2.3413011 -0.98228255 0.848138863 3.02045796 0.524864917 -0.0733078395 -1.38977858 0.0418933158 -0 0.059495348 0.0637816332 -0.475496091 1.2155365 -0.383297331 -0.207382728 -0.330127525 0.0418933158 -1.97543266 -0 0.365268297 0.398695063 -0.156376436 -0.189582732 -0.785607682 -0 -0 -0 -0 -6.87256408 -0 -0 -0 -0 -0 -3.61026223 -1.47999136 0.059495348 0.365268297 0 11.9283167 -1.4915109 -0.445341822 -0.967789652 -3.34197379 2.535298 -2.3413011 0.0637816332 0.398695063 0 -1.4915109 7.42971834 1.4255276 -1.05792871 -3.64780754 0.0735918094 -0.98228255 -0.475496091 -0.156376436 0 -0.445341822 1.4255276 4.5243196 -0.197132227 1.43074544 1.30850486 0.848138863 1.2155365 -0.189582732 0 -0.967789652 -1.05792871 -0.197132227 2.1958302 1.73456203 1.89742074 3.02045796 -0.383297331 -0.785607682 0 -3.34197379 -3.64780754 1.43074544 1.73456203 7.18781318
mv_in 0 10 -0.373043448 0.167431518 -0.208400115 0.983060539 -0.5701949 0.00847821031 0.48886767 0.87218076 0.481494129 0.0644901171
mv_out 0 10 2.98044737 -2.24827913 0.300263669 -2.00894093 3.91870099 -0.252279085 3.15905288 4.38994203 -0.313998979 -0.159557356
mv_in 1 10 -0.705256164 0.93310523 0.569277167 -0.106295079 -0.209294483 -0.212687895 -0.351045698 0.199291274 0.845866799 -0.815829754
mv_out 1 10 2.7071923 -2.55992477 -0.0231095104 0.303789498 1.43838975 0.965902825 -3.90451072 -2.06058249 1.56090486 -0.774802566
mv_in 2 10 -0.439251423 0.300581932 -0.423328042 0.54779464 -0.402260661 -0.569525123 0.204067618 0.992107272 0.947754622 0.212818518
mv_out 2 10 5.53818784 -0.0602696618 0.93654461 -1.73668394 2.76456217 -7.85227287 0.374932729 4.93885087 1.65171987 5.55838968
pg_inf 2.18684989
xcp 5 0.600137472 0.833743095 -0.474560618 0.684055746 -0.232794106
vecc 10 0.335690268 0.402744716 0.554929101 1.48810533 0.420038714 0.314941931 0.341499558 -0.389461464 0.845191677 0.474059689
brk0 2 0 1
newact 3 2 3 4
newact_sorted 3 2 3 4
fv 0
fv_sorted 0
drt0 5 0 0 0.0480100317 0.371483976 -0.927197224
step_max0 2.35855958
drt 5 0 0 0.11323452 0.876167089 -2.18684989
sub_L 0
sub_U 0
sub_P 0
dg -84.7493339
step_max 1
