# lbfgsb component fixture 10 (LBFGSpp 0.3.0 BFGSMat/Cauchy/SubspaceMin, double)
seed 1592669526
n 37
m 5
npairs 8
ncorr 5
ptr 3
theta 3.10610857
lb 37 -inf -1.33544362 0.795483589 0.0213842392 1.46707284 -0.812072694 1.86401486 0.737010002 -1.69166362 -1.71337521 -1.17950201 1.74457693 -0.718392432 -1.87164795 0.592592955 -2.96956539 0.695700765 0.188431501 -inf -1.10862958 -0.596751034 -2.2264061 -0.994624853 0.820955336 -0.243173897 0.031026721 -0.617964983 0.111277729 -1.9390291 -1.94292331 -0.755753517 -1.44118714 -1.51915109 0.920433104 -2.64439011 -inf -0.270637929
ub 37 inf 0.978864312 2.86382246 1.05953503 1.96908653 -0.494056046 1.86401486 2.63904476 -0.520860553 -0.0945037603 1.57182574 2.1084342 -0.718392432 -1.06312859 0.592592955 -0.791846871 1.63814437 2.79250312 inf 0.807333648 2.45272994 0.23063004 1.3973496 2.71331811 1.72135544 1.41457129 -0.617964983 0.111277729 -1.9390291 -0.851355076 1.5570364 1.11675167 0.727936149 0.920433104 -0.246932864 inf 0.634368539
x 37 -0.101233691 -1.33544362 1.79323578 0.982320964 1.46707284 -0.720028758 1.86401486 1.66908169 -0.520860553 -1.3528074 -0.417260528 1.84730816 -0.718392432 -1.06312859 0.592592955 -0.791846871 1.63814437 2.79250312 -0.754988492 -0.831622064 2.45272994 -1.85325217 0.101124659 0.820955336 1.72135544 0.901587546 -0.617964983 0.111277729 -1.9390291 -1.41839576 -0.0040354589 -0.653825283 -0.694448233 0.920433104 -2.14419317 0.115618058 0.291287214
g 37 1.70940816 -7.75733232 12.1761122 17.8038578 -8.72517204 0 -1.61779499 10.7302561 -6.93511486 -3.27607036 -14.4169445 13.2037897 -15.8825216 -11.483264 -3.03145242 14.9295616 -10.5528603 -8.36016178 2.62931204 11.0430288 -4.14442635 -13.1134119 7.35996437 19.0958195 12.651516 -7.57699394 11.9052229 -17.1624241 -15.0102711 -16.5559788 -9.00745106 8.46640873 12.3076887 -1.95346069 8.40104866 -17.9045143 -13.3344793
s 0 slot 0 37 0.119024687 -0.0997977778 -0.00696412614 -0.0397445895 -0.139677063 0.0590238683 -0.0435315222 0.115462027 0.0234612934 -0.290632844 0.142177343 -0.0699273795 -0.219030067 0.285279095 0.299045026 -0.0854238719 0.0625780225 0.27800411 -0.0898169652 0.22313568 0.269436151 0.230553836 -0.020073045 -0.150109828 -0.0992529094 0.0132978586 0.0756098479 0.0874565542 0.287290275 0.235938326 0.118969753 0.241214961 0.061458379 -0.231514528 -0.204822615 -0.220676675 -0.253622204
y 0 slot 0 37 0.59563309 -0.0398760326 -0.0119783916 -0.239210352 -0.41019097 0.23373346 -0.110742331 0.117403515 0.00972129405 -1.00839853 0.487353832 -0.173588201 -0.827510834 1.09490788 0.920992613 -0.159582242 0.162721008 0.189542606 -0.437689781 0.759923875 0.90453434 0.534463823 -0.0767167956 -0.35348469 -0.148949623 0.071713455 0.325422972 0.0548759028 0.398475915 0.312827468 0.276113659 0.148343101 0.34506464 -0.605553806 -0.647998035 -0.630697489 -0.939618886
s 1 slot 1 37 0.199730322 0.084862031 0.113080502 -0.149798766 0.102889694 0.121973701 -0.0238358583 0.134654433 0.0366921574 -0.0944683477 0.0585525744 0.0520962551 -0.115299098 -0.25835371 0.11275728 0.174222767 0.0363833122 -0.270071864 0.0688371658 -0.131251916 0.1902733 -0.0146719171 0.121064708 -0.243418276 -0.279560864 0.287186474 0.277416945 -0.110195383 0.278226137 0.202295676 -0.160432026 0.0616470762 -0.262738049 -0.0330650993 -0.171316415 0.0369931273 0.207341239
y 1 slot 1 37 0.928588629 0.0845786706 0.14679575 -0.70809418 0.263231277 0.353924572 -0.0775317922 0.127465561 0.0688658804 -0.325380325 0.191537589 0.0803027153 -0.436143845 -0.977115452 0.322959721 0.219961867 0.103834689 -0.146640629 0.334554851 -0.437445402 0.60771805 -0.0315640233 0.396695644 -0.516667008 -0.525877357 0.44122681 1.3322407 -0.0592220053 0.359617293 0.256686121 -0.328112334 0.0351123698 -1.24007821 -0.0791091248 -0.522731781 0.0925281495 0.755117357
s 2 slot 2 37 -0.0981443524 0.0334789827 0.0622972362 -0.172235295 0.051570233 -0.179827929 0.031586159 0.196821064 -0.173828945 0.131271377 -0.0162213501 -0.138304427 -0.0154838869 -0.024757605 0.134968668 -0.00951002631 0.130653754 -0.106135733 0.295276135 -0.0024254045 0.23165746 0.0444896668 0.0519213565 0.179918706 -0.0269573424 0.060747575 0.136920497 0.0719154328 0.176333621 -0.155965194 -0.269147992 -0.172927678 0.0752615407 -0.243859231 -0.0248936806 -0.270996422 -0.223741069
y 2 slot 2 37 -0.444145918 0.0450738557 0.0825571045 -0.835143447 0.131917208 -0.49573347 0.113847271 0.198970541 -0.345897406 0.440734357 -0.0406882092 -0.240640759 -0.0538358986 -0.0775527731 0.413495004 -0.0299313553 0.342344433 -0.0430751592 1.4505713 -0.00663090544 0.74299705 0.098925367 0.17624855 0.370865643 -0.0377826132 0.109234929 0.646032274 0.0331994034 0.232785299 -0.193113297 -0.552545309 -0.100250326 0.377597362 -0.596556485 -0.0900017098 -0.728301704 -0.824691534
s 3 slot 3 37 0.293555826 -0.123590797 0.0410516411 0.0581025034 -0.119749665 -0.110710897 -0.197762758 0.122270033 0.0663424879 0.0338631943 -0.161099002 -0.242179483 0.0678835884 -0.190913796 -0.0340987481 -0.126466572 0.105389312 0.263053119 -0.0970446691 -0.00942147151 0.094872117 -0.106738709 -0.255335748 0.0137299979 0.106291488 -0.0293502156 0.00361354393 -0.0129788052 0.167402953 0.0286235064 -0.104259558 0.148906782 -0.0958229899 0.188474104 0.220475703 0.230292827 0.0967906043
y 3 slot 3 37 1.36393094 -0.111774445 0.0505429804 0.284741282 -0.330548733 -0.335473597 -0.622567475 0.107792854 0.129884973 0.0944354385 -0.569489539 -0.360042751 0.24359186 -0.735640645 -0.111021809 -0.156457037 0.302704781 0.137401596 -0.482810944 -0.0276296046 0.308257729 -0.240110785 -0.859172344 0.0220676642 0.197734296 -0.0468159802 0.0192573797 0.0104224868 0.218092561 0.0382241048 -0.209369704 0.0830850005 -0.46264264 0.451698482 0.690616071 0.603573442 0.363530129
s 4 slot 4 37 -0.0437529162 0.129769906 0.144906521 0.042604737 -0.0980980918 0.230691925 0.104005836 0.130943388 0.127738684 0.12878029 -0.243525848 0.0049543879 -0.262677908 -0.0147283198 -0.203459486 0.254391491 0.0159567147 0.071932666 0.19638513 0.289574832 -0.187621593 -0.285757303 -0.278471082 0.049756851 -0.193304673 -0.225641906 -0.298730433 0.0335549377 -0.00450135488 0.0661448464 0.286306441 0.025855802 0.0184470061 0.221744582 -0.296904474 -0.0344609581 -0.184107676
y 4 slot 4 37 -0.20542191 0.117127337 0.189532548 0.207723394 -0.256738275 0.662085235 0.312616169 0.125028744 0.249112189 0.432081044 -0.83048439 0.0158661697 -0.985329568 -0.0598817691 -0.590868533 0.329529583 0.0464319699 0.0347272083 0.96007818 0.969309032 -0.596624315 -0.661366582 -0.924428523 0.107197113 -0.368850291 -0.34958896 -1.43285418 0.0223500822 -0.00811190158 0.0821890756 0.591315627 0.0144378459 0.0803692639 0.528448999 -0.907732844 -0.0883273557 -0.66437012
s 5 slot 0 37 -0.105841599 0.181122929 0.151571468 0.0845056847 0.180907816 -0.263900131 0.013075388 0.0687994733 0.0459564477 -0.0632620901 -0.0865061656 0.0691802353 -0.0130177513 -0.023855269 -0.241253048 -0.0157322343 -0.184858635 -0.074228242 0.148913592 0.22520636 0.184847802 -0.250180066 -0.285158843 0.24346678 0.154183775 -0.14387618 -0.261787325 -0.263391823 0.267284423 -0.224564433 -0.00253401534 -0.173131153 -0.0417930223 -0.202969044 0.225780547 -0.19816193 0.0610773563
y 5 slot 0 37 -0.489900261 0.166967094 0.197414801 0.407634348 0.474189818 -0.777166903 0.0305706561 0.0620015487 0.0921536759 -0.216875419 -0.303086042 0.117447481 -0.0525507219 -0.0981789306 -0.701648176 -0.014032484 -0.493737221 -0.0459846593 0.725761116 0.754860997 0.583115101 -0.577043951 -0.949845791 0.512268305 0.286686033 -0.224624187 -1.25519776 -0.149498314 0.341237605 -0.283361733 -0.00502649928 -0.108229503 -0.205902517 -0.468808591 0.700249493 -0.525308311 0.228130996
s 6 slot 1 37 0.177503064 -0.280936658 0.182813257 0.261644185 0.266942322 0.20042406 0.141540632 -0.260303438 -0.131142139 0.0926628113 -0.0873368382 0.00844953116 0.287874967 0.176290557 0.0217776429 -0.27020815 -0.060974665 0.298715562 0.152649909 0.135460779 0.155040041 0.00347961229 0.176167145 -0.192709371 0.00383485644 -0.0418400951 0.219538912 -0.202284351 0.120556794 -0.00626887614 0.164754376 0.287150174 0.298219055 0.123459369 -0.064655371 0.151463181 -0.272195727
y 6 slot 1 37 0.819492459 -0.257468969 0.243426725 1.21049607 0.716107786 0.616029143 0.464407563 -0.235659912 -0.263207346 0.330943137 -0.262469649 -0.0209380724 1.09307146 0.692688346 0.0959165916 -0.362015247 -0.191619515 0.179934546 0.759010077 0.450730234 0.489128262 -0.00263549597 0.600048482 -0.403524607 0.0197713673 -0.0496957712 1.04479551 -0.14601399 0.155599385 -0.00765242707 0.338132679 0.185500875 1.43488264 0.26445812 -0.222664028 0.403310984 -1.00986254
s 7 slot 2 37 -0.282031804 -0.245778456 0.0346417353 -0.0668279976 0.25458011 0.263963223 0.0985073447 -0.132872924 -0.0997797847 -0.223271057 0.0995052531 0.168434262 -0.0185886398 0.181678638 0.0301526226 -0.0105228676 -0.189636007 0.197906852 0.00967375562 0.147650555 -0.0293510277 0.226186842 0.222267956 0.239693314 0.0903997272 -0.208706439 -0.09123528 0.194549754 0.191236377 0.0779501647 -0.0217359513 -0.180165291 0.179943502 -0.291531324 0.0729010329 0.150989741 -0.0311971977
y 7 slot 2 37 -1.30717206 -0.230401754 0.0482616983 -0.329345286 0.682363749 0.784632862 0.32055825 -0.118053585 -0.196582109 -0.732374132 0.360025644 0.242017657 -0.0596843697 0.701810241 0.10392125 -0.0215308052 -0.531037748 0.116456576 0.0549834333 0.49164471 -0.0971428454 0.517250478 0.748384953 0.507819951 0.176110923 -0.312922865 -0.443361998 0.0982493609 0.243446499 0.0972428843 -0.0493205152 -0.102166146 0.863411367 -0.698136628 0.209187225 0.404908389 -0.126526445
M 10 10 -0.356144574 0.00612260929 -0 -0.0211908029 -0.00422960159 -0.0128547541 -0.0617855613 0.0395382001 0.0247092754 0.00384468559 0.00612260929 -0.291720245 -0 -0.0285353078 -0.00412047733 -0.00351308012 -0.0105805248 0.0456977995 0.0207925014 0.00479654022 -0 -0 -0.395697431 -0 -0 -0 -0 -0 -0 -0 -0.0211908029 -0.0285353078 -0 -0.386965008 0.0257286573 0.0508258381 0.0258617498 -0.184273511 -0.0864893283 -0.0518949525 -0.00422960159 -0.00412047733 -0 0.0257286573 -0.280621433 0.070588646 0.00935283151 -0.0266089586 -0.0185372171 -0.0142615082 -0.0128547541 -0.00351308012 0 0.0508258381 0.070588646 0.300487133 0.0523993765 -0.0226865472 -0.0420416437 -0.0511261026 -0.0617855613 -0.0105805248 0 0.0258617498 0.00935283151 0.0523993765 0.26863033 -0.0683262454 -0.0633646232 -0.00570503895 0.0395382001 0.0456977995 0 -0.184273511 -0.0266089586 -0.0226865472 -0.0683262454 0.295104367 0.134272504 0.0309747949 0.0247092754 0.0207925014 0 -0.0864893283 -0.0185372171 -0.0420416437 -0.0633646232 0.134272504 0.502594373 0.0317968424 0.00384468559 0.00479654022 0 -0.0518949525 -0.0142615082 -0.0511261026 -0.00570503895 0.0309747949 0.0317968424 0.28747326
mv_in 0 10 0.299088746 -0.648889959 0.488023371 0.221119031 0.905196846 0.889677823 0.0305420645 0.671167493 0.307219118 -0.587914407
mv_out 0 10 -0.100462123 0.211876114 -0.193109594 -0.123828767 -0.199002532 0.344422495 -0.00457710694 0.11617433 0.144487267 -0.21045876
mv_in 1 10 0.445015192 0.794094503 -0.533064008 0.71307981 -0.275291651 0.825556517 0.869668186 0.687281489 0.950960219 -0.411417872
mv_out 1 10 -0.1828298 -0.211037488 0.210932058 -0.438204209 0.126805254 0.267401534 0.151977739 0.169420781 0.438271084 -0.141473998
mv_in 2 10 0.178577363 -0.401883483 0.323516399 -0.482938826 0.431085408 0.571984768 -0.608921707 0.00141113659 -0.911029816 -0.195000023
mv_out 2 10 -0.0505843533 0.114955292 -0.128014608 0.307633009 -0.0781846406 0.193205959 -0.0900992062 -0.0331033972 -0.419518167 -0.093077801
pg_inf 17.9045143
xcp 37 -0.640127625 0.978864312 0.795483589 0.0213842392 1.96908653 -0.720028758 1.86401486 0.737010002 -0.520860553 -0.320020453 1.57182574 1.74457693 -0.718392432 -1.06312859 0.592592955 -2.96956539 1.63814437 2.79250312 -1.58388374 -1.10862958 2.45272994 0.23063004 -0.994624853 0.820955336 -0.243173897 1.41457129 -0.617964983 0.111277729 -1.9390291 -0.851355076 1.5570364 -1.44118714 -1.51915109 0.920433104 -2.64439011 5.76004773 0.634368539
vecc 10 -5.36773505 -1.50003809 1.92743186 1.39184206 -2.44197565 -5.84628241 -0.300754185 1.67871769 0.789926131 -2.697451
brk0 13 6 8 12 13 14 16 17 20 23 26 27 28 33
newact 19 11 19 36 29 3 4 34 32 25 2 7 31 10 15 22 24 21 30 1
newact_sorted 19 1 2 3 4 7 10 11 15 19 21 22 24 25 29 30 31 32 34 36
fv 5 0 5 18 35 9
fv_sorted 5 0 5 9 18 35
drt0 37 -0.0667503144 0.286662685 -0.123586977 -0.119026815 0.0621821273 0 0 -0.115451435 0 0.127926572 0.246378973 -0.012724845 0 0 0 -0.269743983 0 0 -0.102671444 -0.0343116482 0 0.25812091 -0.135725455 0 -0.243337218 0.0635409377 0 0 0 0.0702367227 0.193362795 -0.0975268943 -0.102152152 0 -0.0619570949 0.699149557 0.0424959067
step_max0 8.07327934
drt 37 -0.58268438 2.31430793 -0.99775219 -0.960936725 0.502013683 -0.0920439363 0 -0.932071686 0 1.15386851 1.98908627 -0.102731228 0 0 0 -2.17771852 0 0 -0.493130879 -0.27700752 0 2.08388221 -1.09574951 0 -1.96452934 0.512983739 0 0 0 0.567040682 1.56107186 -0.78736186 -0.824702859 0 -0.500196934 5.684602 0.343081325
sub_L 1 5
sub_U 0
sub_P 4 0 9 18 35
dg -348.223835
step_max 1
