# lbfgsb component fixture 16 (LBFGSpp 0.3.0 BFGSMat/Cauchy/SubspaceMin, double)
seed 1592717040
n 37
m 10
npairs 1
ncorr 1
ptr 1
theta 3.44087604
lb 37 0.279491007 -2.75325251 -3.03657961 -inf -1.10339153 -1.81137896 -inf -0.251935244 -2.55517197 1.9347316 -2.29924297 1.22179019 0.533597529 -inf -1.08030415 1.07988799 -inf -0.182366073 0.32068491 -2.77607584 -3.02786922 0.796479464 1.24960876 -inf -3.20589614 -1.14679563 -0.829156518 -1.19680989 -0.267172277 -0.99802506 0.0122240186 -2.00235939 0.511795163 -inf -2.44845963 -0.143534541 -0.523037076
ub 37 0.279491007 -1.23043752 -0.452123284 inf -0.223157018 -1.81137896 -1.44759369 2.28188848 -0.563649774 1.9347316 -1.60379624 1.22179019 0.533597529 inf 1.15333867 1.90435779 inf 1.61129618 3.28345799 -0.372737288 -0.596894145 2.83835626 1.24960876 inf -0.721773386 -0.407969445 0.420258164 1.97862852 2.01141787 -0.99802506 0.719144166 -1.02491784 1.50801837 -0.554554701 -1.39646912 2.0531497 0.550661325
x 37 0.279491007 -2.27832127 -0.452123284 0.242815658 -0.461620659 -1.81137896 -3.08085561 -0.251935244 -1.91389656 1.9347316 -1.60379624 1.22179019 0.533597529 -0.560963631 1.15333867 1.30384219 -0.523387492 -0.182366073 1.2621913 -1.63403189 -1.38197005 2.83835626 1.24960876 0.786098778 -1.74466681 -0.692223489 0.224567726 -1.19680989 0.377274424 -0.99802506 0.0122240186 -1.16360319 1.35877872 -1.55463684 -2.39436507 -0.143534541 0.550661325
g 37 -0.075573951 -0.0655373111 -0.164311796 0.0572017767 0.0112462472 0.0152634429 -0.0686398149 0.129101425 0.107491836 0.142286241 -0.0382900089 0.0987128019 0.194614366 0.0182985701 -0.0805958956 -0.136714324 -0.155043736 0.0485374406 -0.182046145 0 -0.0101759285 0.04006318 -0.0417083502 0.17454502 -0.139382765 -0.0344378725 0.0888654441 -0.120353825 -0.122551635 0.0246797148 0.17220065 0.0826952159 0 0.0110653434 -0.168653429 -0.0253530499 -0.0642871261
s 0 slot 0 37 0.121623918 0.223819256 -0.176101655 -0.283223003 0.1885124 0.0422166325 0.00248091226 -0.0485822372 0.116034709 0.194327638 -0.238168269 0.250354141 -0.131344333 -0.201756731 0.00350888912 0.0570897274 -0.249228731 0.199752867 0.24264273 -0.232883811 0.0125002982 -0.114185669 0.00156134123 0.212043077 0.0457009524 0.140343279 -0.05397439 -0.113874123 -0.0862880722 0.192669123 -0.215649739 0.216891125 0.0649898723 0.193983361 -0.00239408901 0.131714687 0.0523806699
y 0 slot 0 37 0.0933451056 0.866880715 -0.12571615 -1.1386714 0.307025075 0.0111889951 0.01628864 -0.234009206 0.479066551 0.475672245 -1.20427179 0.480846703 -0.54694587 -0.991411686 0.026919486 0.226447374 -0.372770697 0.226101056 0.787644148 -0.339665949 -0.0126778027 -0.361249954 0.000715274829 0.952328801 0.235999942 0.237289384 -0.154423326 -0.547909558 -0.393956661 0.216209546 -0.467886269 0.303356826 0.188067675 0.563376188 -0.0153234061 0.120126285 0.0582738109
M 2 2 -0.383320976 0 0 0.303151839
mv_in 0 2 -0.00770715112 0.412577212
mv_out 0 2 0.00295431269 0.125073541
mv_in 1 2 0.433339357 -0.726238668
mv_out 1 2 -0.166108065 -0.220160588
mv_in 2 2 -0.233114302 0.786700785
mv_out 2 2 0.0893576017 0.23848979
pg_inf 0.182046145
xcp 37 0.279491007 -2.25923737 -0.452123284 0.226158995 -0.464895469 -1.81137896 -3.06086829 -0.251935244 -1.94519725 1.9347316 -1.60379624 1.22179019 0.533597529 -0.566292016 1.15333867 1.34365222 -0.478240095 -0.182366073 1.31520156 -1.63403189 -1.37900691 2.8266902 1.24960876 0.735272776 -1.70407976 -0.682195478 0.198690877 -1.16176389 0.412960401 -0.99802506 0.0122240186 -1.18768332 1.35877872 -1.55785897 -2.34525465 -0.136151952 0.550661325
vecc 2 -0.0114627723 -0.0243093063
brk0 14 0 2 5 7 9 10 11 12 14 17 22 29 30 36
newact 0
newact_sorted 0
fv 23 3 13 16 19 23 32 33 15 34 8 24 25 31 18 26 28 1 6 27 21 4 20 35
fv_sorted 23 1 3 4 6 8 13 15 16 18 19 20 21 23 24 25 26 27 28 31 32 33 34 35
drt0 37 0 0.137736511 0 -0.120218132 -0.0236356791 0 0.144256889 0 -0.225910251 0 0 0 0 -0.0384571956 0 0.287325704 0.325847718 0 0.382597339 0 0.0213862433 -0.0841987952 0 -0.366832597 0.292933832 0.0723763657 -0.186764089 0.252941656 0.257560683 0 0 -0.173796427 0 -0.0232554825 0.354450532 0.0532832454 0
step_max0 2.090017
drt 37 0 0.0184531085 0 -0.0159538819 -0.00458816855 0 0.0199547172 0 -0.0314899566 0 0 0 0 -0.0051897756 0 0.0395913418 0.0468683995 0 0.0519686273 0.00170715652 0.00280584273 -0.0111835262 0 -0.0510353331 0.0405010321 0.00904282926 -0.0255774152 0.035072624 0.0357294747 0 0 -0.0256482647 -0.000295676358 -0.00409446487 0.0490093027 0.00626319092 0
sub_L 0
sub_U 0
sub_P 23 1 3 4 6 8 13 15 16 18 19 20 21 23 24 25 26 27 28 31 32 33 34 35
dg -0.0659677439
step_max 15.1678518
