# lbfgsb component fixture 18 (LBFGSpp 0.3.0 BFGSMat/Cauchy/SubspaceMin, double)
seed 1592732878
n 5
m 5
npairs 11
ncorr 5
ptr 1
theta 4.39187355
lb 5 -inf -1.9056474 -0.832981169 0.725784302 -2.00861025
ub 5 -1.39722002 0.246081948 -0.093311727 0.725784302 1.05280912
x 5 -1.39722002 -1.07829666 -0.832981169 0.725784302 -0.70375073
g 5 -1.33174372 1.1644721 1.35264587 1.48508012 -0.0630677491
s 0 slot 0 5 0.120132878 -0.262668669 6.44062902e-06 0.135228738 -0.161617368
y 0 slot 0 5 0.597000718 -0.4814457 0.0127851712 0.553829193 -0.734357953
s 1 slot 1 5 -0.13295652 -0.198356792 -0.0502596237 0.255957603 0.0169295873
y 1 slot 1 5 -0.627625167 -0.34600687 -0.117796011 1.07281303 0.0974921212
s 2 slot 2 5 -0.100778788 0.237493724 0.240482852 -0.114934832 0.0806567818
y 2 slot 2 5 -0.476442516 0.478050739 0.519661486 -0.432306856 0.328266799
s 3 slot 3 5 0.131243944 0.098429881 0.210807249 -0.0973359346 -0.197425902
y 3 slot 3 5 0.654699504 0.214281812 0.499112904 -0.368623286 -0.941807926
s 4 slot 4 5 0.137786478 0.213186532 -0.121432029 0.257433027 -0.00688587362
y 4 slot 4 5 0.614609718 0.415419221 -0.182248011 1.11574805 -0.0625040382
s 5 slot 0 5 -0.172720864 0.0524760634 0.0938696787 0.0607206188 -0.23519966
y 5 slot 0 5 -0.781904757 0.152595147 0.243270054 0.304557592 -1.06423461
s 6 slot 1 5 -0.13684538 0.24572134 0.268426389 -0.238821104 0.194061533
y 6 slot 1 5 -0.653366327 0.475545615 0.543470204 -0.967480421 0.848385036
s 7 slot 2 5 0.0359740704 0.0812158659 -0.132198527 -0.0575995967 0.185050845
y 7 slot 2 5 0.13297081 0.111138836 -0.307416141 -0.269509554 0.850419879
s 8 slot 3 5 -0.0323909186 0.0926777422 -0.286386907 0.104303323 -0.0714620128
y 8 slot 3 5 -0.176281407 0.154607624 -0.580705941 0.429100901 -0.287044972
s 9 slot 4 5 0.275738299 0.0143612931 -0.121034674 -0.0854458734 0.0189875867
y 9 slot 4 5 1.28691375 -0.0228440613 -0.252106965 -0.394524515 0.0764779374
s 10 slot 0 5 -0.143030375 -0.071415253 -0.168972909 -0.0650459304 0.23003225
y 10 slot 0 5 -0.706299841 -0.179380357 -0.432742804 -0.32316792 1.09320402
M 10 10 -2.17652689 -0 -0 -0 -0 -0 -0 -0 -0 -0 -0 -0.542532995 -0.440496494 0.0482217948 0.0118640085 -0.0516165221 -0.685945188 1.50382161 -1.0739402 -0.718058211 -0 -0.440496494 -1.03231615 0.0390541454 -0.536524738 2.33424824 0.665733732 -3.34948415 0.315605793 1.81252566 -0 0.0482217948 0.0390541454 -3.95558667 -0.0250137407 0.108826818 -0.0237155718 -0.0374420853 0.0143270255 -0.149255806 -0 0.0118640085 -0.536524738 -0.0250137407 -2.27497968 -0.45613178 -0.0703381976 0.529504913 -0.052518343 -0.114095508 0 -0.0516165221 2.33424824 0.108826818 -0.45613178 1.98448409 0.306019093 -2.30370722 0.228490582 0.496393214 0 -0.685945188 0.665733732 -0.0237155718 -0.0703381976 0.306019093 1.57233548 -1.41199969 1.08181525 0.635904623 0 1.50382161 -3.34948415 -0.0374420853 0.529504913 -2.30370722 -1.41199969 7.0225547 -1.17500459 -1.80401916 0 -1.0739402 0.315605793 0.0143270255 -0.052518343 0.228490582 1.08181525 -1.17500459 2.64693199 0.0323352764 0 -0.718058211 1.81252566 -0.149255806 -0.114095508 0.496393214 0.635904623 -1.80401916 0.0323352764 2.56171234
mv_in 0 10 0.705848634 0.9202618 -0.909693718 -0.0166641325 0.277226686 -0.16259025 0.974383414 -0.0123397904 0.994006395 0.492057741
mv_out 0 10 -1.53629853 -2.1954377 1.90039693 -0.0317102226 -0.240529988 -1.82389243 1.63199137 1.43476183 2.38822097 -0.484968549
mv_in 1 10 0.804165542 -0.519251943 -0.6984182 0.475493014 0.917468369 -0.878516316 0.196520448 -0.336088061 -0.513941109 -0.94489646
mv_out 1 10 -1.75028792 1.25873595 -2.19293256 -1.91013339 -1.38682171 -3.4657046 -0.826735654 3.7211342 -0.688300336 -3.21068022
mv_in 2 10 -0.475136012 -0.762017012 0.710051775 0.431917191 0.505002975 0.834292173 -0.0301400218 -0.608398497 -0.402246386 -0.0361392535
mv_out 2 10 1.03414631 -0.351909775 3.12133579 -1.6162144 -2.22500482 4.45156538 1.55848336 -8.8870968 0.829128923 3.09902313
pg_inf 0.827350736
xcp 5 -1.39722002 -1.54787963 -0.832981169 0.725784302 -0.67831814
vecc 10 0.11203697 -0.201731494 -0.0305605249 -0.0799014043 0.0126722141 0.172977025 -0.485087131 -0.14682589 -0.199115924 -0.0274971477
brk0 3 0 2 3
newact 0
newact_sorted 0
fv 2 1 4
fv_sorted 2 1 4
drt0 5 0 -0.998536569 0 0 0.0540806891
step_max0 0.828563281
drt 5 0 -0.469569727 0 0 0.0256817437
sub_L 0
sub_U 0
sub_P 2 1 4
dg -0.548420537
step_max 1.76193372
