# lbfgsb component fixture 04 (LBFGSpp 0.3.0 BFGSMat/Cauchy/SubspaceMin, double)
seed 1592622012
n 37
m 10
npairs 21
ncorr 10
ptr 1
theta 3.42026032
lb 37 1.50535917 0.257681936 -0.822941244 -inf 0.68166995 -1.27494597 -0.215349823 -1.5302335 -0.729762852 -2.8236208 -0.365169525 -1.86928272 -2.49100876 -2.22817755 -1.27687395 -1.63056827 0.765972614 0.545068502 -1.75052154 -1.1803081 -0.465356439 0.304186821 -1.85385644 1.07453024 1.28144753 -1.94886541 -1.6065644 -1.64002895 -1.1577816 -0.848400354 1.45147729 -0.75998503 -1.6361438 0.186066866 -0.626151204 -1.12955689 -2.2504921
ub 37 2.25107741 0.771121025 inf inf 2.0054009 0.074988544 0.72857821 0.541933179 -0.729762852 0.0963635445 2.07831001 -1.86928272 0.487264276 -0.657816529 -1.27687395 -1.00269771 3.20621467 3.02892494 -0.560887456 1.35097551 1.33895004 1.72808027 0.0996100903 inf 1.28144753 0.553081095 0.53535831 -1.2883358 1.24165773 1.36515141 1.45147729 1.06526172 -1.17686689 0.687009931 -0.626151204 -0.197525114 -1.45154035
x 37 2.25107741 0.257681936 -0.590782225 -0.864610374 0.834327459 0.074988544 0.568688989 -1.5302335 -0.729762852 -2.49499559 1.65273082 -1.86928272 -2.49100876 -1.10884416 -1.27687395 -1.63056827 3.20621467 0.545068502 -0.560887456 1.35097551 -0.465356439 0.423910379 -0.00245732069 1.55933213 1.28144753 -0.71468389 -1.6065644 -1.2883358 0.518457115 0.286301613 1.45147729 0.298175782 -1.17686689 0.186066866 -0.626151204 -0.371230304 -2.2504921
g 37 -1.19355762 0.148756102 0 1.16479993 1.57004285 1.4513427 1.17304409 0.141439825 0.39979133 0.557667136 -1.62980795 0.649615884 -0.0246209074 0.685199142 -0.292166203 -1.46590924 0.227718025 0.875968516 0.682567835 -1.59896171 -1.95415056 1.66134703 -0.491599917 -1.98440945 1.06635404 -0.484174669 0.902074754 0.760738671 1.13123178 1.12448454 -1.68667758 -1.37282979 0 -1.07203567 1.2732811 0.639167845 0.169722944
s 0 slot 0 37 -0.153779805 0.22641623 -0.164897636 0.150521621 -0.193368942 -0.229159504 -0.238519654 -0.0939890519 0.151413783 0.0451221913 -0.251562029 -0.153019771 0.100036182 -0.0335923322 0.105383746 -0.271332771 -0.275339246 0.159641162 0.0285178404 -0.192306787 0.2837331 0.0144159636 -0.123697259 0.292580605 0.142556071 0.205751821 0.0579562522 -0.293262064 -0.252044916 -0.0609674305 -0.168344736 -0.232307255 0.148065224 -0.0726054385 0.101969503 -0.251377195 0.121778935
y 0 slot 0 37 -0.70633173 1.12686908 -0.218578041 0.421408057 -0.944580555 -0.392603368 -0.268238306 -0.135342851 0.147309825 0.168924153 -0.833053827 -0.391121089 0.26206544 -0.139850155 0.0817079023 -0.588269591 -0.305378497 0.543422461 0.0243087746 -0.909851074 0.319088906 0.064207986 -0.456503659 1.44378376 0.323432446 0.956348062 0.0595672727 -1.21728802 -0.321434379 -0.0129122259 -0.761579096 -0.54985702 0.0943601504 -0.210289314 0.0697460175 -0.316391855 0.0979589969
s 1 slot 1 37 0.03985494 -0.0883723795 0.224190161 -0.127481207 0.181729198 -0.0938166678 0.126026377 -0.0933543071 0.0385695063 -0.246312499 0.200413659 0.0175657701 0.0165666565 -0.261849254 0.177324995 0.187178612 0.0729921013 0.122751497 0.0593502037 0.126616985 0.0423108898 0.283021659 -0.173144922 -0.0535381287 0.253946036 0.26829496 0.247447327 0.251461446 -0.242898121 0.0014712339 0.216914535 -0.0900732875 0.208670184 -0.284786522 -0.00319244992 -0.0758345127 0.0647539943
y 1 slot 1 37 0.185323164 -0.424498111 0.267865896 -0.366838902 0.87199086 -0.176512003 0.142772079 -0.113093406 0.0316867605 -0.861173987 0.639225245 0.0440363735 0.0473848097 -0.876587272 0.114009626 0.393199295 0.0823050439 0.386453837 0.0916756466 0.57299155 0.0471725203 0.960936606 -0.692194939 -0.256213367 0.564770997 1.23631513 0.200146466 1.07206047 -0.282287776 0.000496411463 0.948173046 -0.216796443 0.138063774 -0.797867835 -0.00232163211 -0.087050505 0.0574466027
s 2 slot 2 37 -0.23729457 -0.262127578 -0.192152128 -0.143141657 0.186344296 -0.189936057 -0.0216985587 -0.281513065 -0.28295657 -0.124668092 0.112079583 0.027430838 -0.157008812 0.080071412 0.127029553 -0.194872051 -0.0270111412 0.0353994891 0.00851200521 0.149703443 -0.150370404 -0.296656102 0.125567034 0.107612059 0.0282831658 0.1902401 0.227513984 0.164619759 0.118615165 -0.135777757 0.237625539 -0.0652059019 -0.124141157 0.0625076815 0.205832496 -0.0628066063 0.211733028
y 2 slot 2 37 -1.10072577 -1.26647115 -0.257474542 -0.437226862 0.923279822 -0.377514362 -0.00823438074 -0.362358421 -0.227183387 -0.452659816 0.382593274 0.0828686059 -0.451027095 0.293899804 0.108391277 -0.444180578 -0.0524704233 0.0779884309 -0.0229709614 0.696295142 -0.175268352 -1.0366981 0.489778042 0.490753561 0.0847497806 0.905623615 0.198038444 0.678206205 0.159369856 -0.0613018945 1.04517734 -0.125590459 -0.068838194 0.185684413 0.128356084 -0.0587992705 0.152383611
s 3 slot 3 37 0.116602406 -0.165966794 0.17713055 -0.193366319 0.203056231 -0.232638553 0.136975676 0.0264394451 -0.0602639094 -0.198929012 -0.262971222 0.223990977 -0.11643634 0.100125261 -0.12438938 -0.273130029 -0.244019687 -0.217115864 -0.204521447 -0.271092743 -0.118322566 0.161906362 -0.213957638 -0.110656403 0.129944876 0.229954407 0.0973886475 0.255829424 -0.184146792 -0.10268487 0.111055799 0.00686162431 -0.226061165 0.0146955717 0.0390084758 -0.146303937 0.0431125499
y 3 slot 3 37 0.545776963 -0.794511855 0.185177132 -0.578344166 0.993080497 -0.445054263 0.168678865 0.013169759 -0.0414318517 -0.705922186 -0.828911364 0.578332186 -0.340334803 0.348145783 -0.0585598424 -0.602796853 -0.288081825 -0.694858313 -0.342221022 -1.22486401 -0.136161089 0.529159009 -0.858197749 -0.546246052 0.306695253 1.08291781 0.0916499272 1.07912278 -0.202918932 -0.0420525484 0.484692186 0.0401879176 -0.141050771 0.047527615 0.0402082466 -0.163404241 0.0125999777
s 4 slot 4 37 0.138658866 -0.156833455 0.0252703689 -0.278299361 0.293191224 0.295538455 0.255220145 0.0552249439 0.0138091901 -0.0401913151 -0.131829247 0.108137198 -0.200263381 0.158375621 -0.0495829508 0.287639737 0.216781303 -0.265634418 0.194006026 0.251225293 0.24726963 -0.215366587 0.22317335 -0.173590571 0.16876936 -0.279409289 -0.226037815 -0.203015491 0.247365117 0.259251982 0.236589015 -0.190733492 -0.0380249806 -0.157202199 0.0884149149 -0.0633318871 0.128325716
y 4 slot 4 37 0.638772845 -0.779806137 0.0457306765 -0.793514907 1.41876876 0.532483935 0.287912279 0.08181189 -0.00487281429 -0.147728294 -0.402521431 0.276031941 -0.561343849 0.547300637 -0.0417810716 0.616723657 0.241094351 -0.860457778 0.309420019 1.16451466 0.268919557 -0.739705503 0.867753386 -0.858802021 0.37139973 -1.29429305 -0.191996783 -0.88497144 0.305794507 0.132859081 1.05177712 -0.46141392 -0.022839509 -0.435610741 0.0333746448 -0.0510422066 0.117414534
s 5 slot 5 37 -0.277169496 -0.10812749 -0.160824031 0.0187074244 -0.0335543826 0.0472885668 0.128428429 0.298274189 0.00813871436 0.142186239 -0.259649128 -0.136527106 0.0332712494 -0.265569478 -0.0999640524 -0.18571806 0.0592556633 0.0912041143 -0.294251233 -0.160962433 -0.0940358341 -0.20878914 0.0457748361 -0.169800684 0.190488532 0.128936827 0.0463831276 -0.0256852601 -0.0463909991 -0.288628161 0.0567592494 0.113413692 0.241304457 -0.0565843247 -0.0145608271 0.100333996 -0.0238999724
y 5 slot 5 37 -1.28486359 -0.509603679 -0.208852112 0.0412770137 -0.156814039 0.0977558792 0.152905911 0.349114835 0.0158783384 0.495668381 -0.831362665 -0.343125641 0.0883442983 -0.887634277 -0.0512786359 -0.408098698 0.0587851144 0.288841814 -0.467274696 -0.736737549 -0.104948826 -0.713337362 0.191818818 -0.816108644 0.433758616 0.606887341 0.0465267673 -0.106692486 -0.0560291149 -0.151851162 0.241812602 0.284066409 0.163760453 -0.15708214 0.00600216491 0.107660607 -0.0342345759
s 6 slot 6 37 -0.107608706 -0.209939286 -0.0864665359 -0.218689218 0.0337082632 -0.122611731 0.15642786 -0.241097882 -0.00724415062 0.26434797 0.184046328 -0.00105223292 0.198457196 0.296130121 0.0822634473 0.219562441 0.0630824268 0.10234303 -0.188238844 -0.20742777 -0.225352749 -0.278562367 -0.00601038663 0.216641188 -0.239039674 -0.258178085 -0.15440242 0.213500008 -0.104769789 0.203974381 -0.00266850204 -0.135450855 -0.00346876332 -0.217646331 -0.205529138 -0.111220181 0.16619131
y 6 slot 6 37 -0.501103938 -1.01008892 -0.0956397727 -0.62463361 0.15582189 -0.229451016 0.174037099 -0.28818059 -0.00737629039 0.92876035 0.583348155 -0.00573684787 0.574514866 0.9840464 0.0467914604 0.468852639 0.0755575299 0.327170521 -0.277888685 -0.944013536 -0.246552125 -0.937271833 -0.0219436996 1.04939854 -0.537703872 -1.19760871 -0.128677934 0.913576007 -0.125665233 0.112065725 -0.0124107674 -0.331596315 -0.00544652296 -0.611691654 -0.111558683 -0.128347427 0.151980013
s 7 slot 7 37 -0.0434740633 0.105997272 -0.0383494236 -0.220312983 0.0589218512 0.233329982 0.187952697 -0.0924848914 -0.0369432941 -0.110028341 -0.147152647 -0.12485484 -0.182429269 0.287747324 0.131448299 0.145396128 -0.283676714 -0.220858485 0.288031161 -0.0512290895 -0.0551406741 -0.00867811404 -0.207487658 -0.0430287234 0.141426742 0.205776602 -0.0822028369 -0.2384758 0.0248421188 0.181362242 -0.152460158 0.226731822 -0.20760712 0.0259319823 0.039509058 0.208556011 0.199645638
y 7 slot 7 37 -0.200416878 0.506318986 -0.065714024 -0.652531385 0.302849948 0.429913163 0.22548753 -0.126351893 -0.0277237371 -0.396700501 -0.453074604 -0.307918698 -0.525497079 0.980373442 0.103483789 0.27916345 -0.331899822 -0.715109706 0.413743973 -0.219892964 -0.0674961433 -0.0514919162 -0.840398252 -0.227097452 0.330305666 0.96892345 -0.0570660979 -1.03156173 0.0446337797 0.11482659 -0.662616014 0.564183474 -0.128312081 0.0801967978 0.0360056013 0.245628089 0.151205897
s 8 slot 8 37 0.241316423 0.256184518 -0.276058912 -0.188436955 -0.0500674732 0.277675092 -0.254276544 0.133117735 -0.171080425 -0.252074301 -0.0354592316 0.102469034 -0.103267483 0.178752884 -0.0254524685 0.0353456512 0.233332187 0.20736219 0.21168074 -0.0850633159 -0.000194050634 -0.104886115 0.128315642 -0.168454885 -0.296547294 0.286382556 0.138235584 -0.0879119635 0.231633708 0.27356261 0.143033668 0.288772613 0.136008143 0.283160567 0.0901176035 0.186566234 -0.293795615
y 8 slot 8 37 1.12927473 1.25075412 -0.367140681 -0.572466254 -0.225420445 0.536396265 -0.27301836 0.132116094 -0.122166879 -0.889981389 -0.109259717 0.270526528 -0.312332958 0.603975058 0.0143987006 0.0303886067 0.241218165 0.646470249 0.27963993 -0.39311406 -0.00482079107 -0.373675168 0.525568068 -0.815399587 -0.637857974 1.3500011 0.131534427 -0.375505775 0.269440889 0.183483765 0.615662038 0.721660018 0.0999879092 0.79793781 0.0763236284 0.20394884 -0.287420601
s 9 slot 9 37 0.0770760998 -0.121961996 -0.272095591 0.230066299 0.111971259 0.0217061657 0.101532258 0.0786802322 -0.0676858425 0.207083777 0.0130963493 0.273601681 -0.212487221 -0.0331119038 0.16211319 0.261999041 -0.095304653 -0.0653273463 0.0379925929 -0.0715047121 0.210780635 -0.239546806 -0.0713698119 0.0950761586 0.0953854844 -0.279622883 0.131646648 0.211037979 0.0579976253 0.134426177 0.24361819 0.273868233 0.0461940058 0.286772877 -0.102389894 -0.107120782 -0.263636351
y 9 slot 9 37 0.360812813 -0.582800806 -0.339570284 0.651355922 0.547042191 0.0409899428 0.12287429 0.0840855762 -0.0497472435 0.719830215 0.0470956229 0.700226963 -0.618411958 -0.104377426 0.118049823 0.530432045 -0.115196638 -0.210882083 0.0398716927 -0.323461622 0.229684025 -0.822296262 -0.28472501 0.452311605 0.222417027 -1.27675438 0.114424631 0.894350708 0.0712444335 0.0870897993 1.06380439 0.669155478 0.0356792547 0.806108594 -0.0406116769 -0.121579222 -0.243247002
s 10 slot 0 37 0.00351917348 -0.114487819 -0.240731314 0.161356285 0.280254364 -0.0198737327 -0.205748126 -0.261768281 0.209237143 -0.282047212 0.225176126 0.185988203 -0.0847863331 -0.175145477 -0.143810004 0.172786444 0.269307673 -0.282369584 -0.0715319663 0.145342529 0.199692145 0.209237576 0.256582141 -0.0685041547 -0.276805043 -0.278437942 -0.188195407 0.231601611 0.0378469825 -0.0203945283 0.158620492 0.157272026 -0.0624138787 -0.184216768 0.0334399119 0.286973357 0.233163074
y 10 slot 0 37 0.0110474862 -0.567869008 -0.26452139 0.481142044 1.34400129 -0.0522278324 -0.24206917 -0.30037564 0.157304913 -0.986394942 0.725119948 0.468688905 -0.232971668 -0.581450939 -0.109958917 0.385800451 0.307939351 -0.893577456 -0.0855697244 0.671606719 0.220844522 0.713442147 1.01287675 -0.33670646 -0.627843976 -1.298733 -0.164110467 0.978945196 0.0503898039 -0.0289154239 0.704347908 0.361633807 -0.0446810238 -0.516294956 -6.30183276e-05 0.336547434 0.218489155
s 11 slot 1 37 -0.18066144 -0.234717533 0.191309288 -0.0707178712 -0.138937667 0.161845192 -0.0604435131 -0.00451312913 -0.0899456218 0.149224386 -0.0548033938 -0.0974148065 0.201763511 -0.0856109485 0.23225081 0.0165327191 -0.183328569 -0.0720131919 -0.0329376571 0.20331043 -0.219452381 -0.0635490716 -0.228879347 -0.179522023 0.270625472 0.0307217799 -0.242871433 0.285276949 -0.132001743 -0.264665037 -0.093255505 -0.210912794 0.187638655 0.117930718 -0.0431418456 0.217795804 0.188922122
y 11 slot 1 37 -0.847683072 -1.15708637 0.256172031 -0.184709281 -0.666190565 0.280353278 -0.0775311291 0.0185301937 -0.0935359821 0.519746423 -0.161631823 -0.250658125 0.604680181 -0.274264753 0.130051255 0.064082399 -0.196950287 -0.247431025 -0.0215010587 0.945312202 -0.243351474 -0.21576716 -0.942264616 -0.88142848 0.58985281 0.125181675 -0.211926281 1.19845641 -0.137373343 -0.174511716 -0.390195608 -0.521255314 0.122763023 0.33166635 -0.0442741513 0.267005801 0.182115167
s 12 slot 2 37 0.233888566 -0.282313704 0.103344373 -0.227113172 -0.249463826 0.129454702 0.159571037 0.0809241161 0.153274626 0.161537066 -0.127875045 -0.0586412996 -0.162675887 -0.248722196 -0.0683789328 -0.0993464515 0.0803514123 -0.205255046 0.141786665 -0.229391754 -0.129724294 0.000160639407 -0.0818939731 -0.209088579 -0.209175736 -0.255959868 0.211667225 0.0687544495 -0.242535293 -0.0565017052 0.0530736595 -0.115406871 0.203035995 0.192603156 -0.247445136 -0.0306177828 0.0995028988
y 12 slot 2 37 1.08485591 -1.35778761 0.146223217 -0.635787845 -1.21850359 0.255232811 0.169025093 0.114904918 0.120468959 0.576736569 -0.424766421 -0.158679754 -0.471666396 -0.848749101 -0.0648666471 -0.179487005 0.106173933 -0.621474564 0.244475141 -1.0505147 -0.136569753 0.0226499625 -0.321163058 -0.989223063 -0.482631087 -1.20220578 0.16033113 0.307285815 -0.294772387 -0.0460874885 0.229774475 -0.299542367 0.125032812 0.53176415 -0.145488203 -0.0416526273 0.110586204
s 13 slot 3 37 -0.215747669 0.108718067 0.085106425 0.224428773 0.12487755 0.131904349 0.00833511911 -0.204418764 -0.109527268 0.283983141 0.0363468118 -0.249450654 0.0706654042 -0.139965087 -0.11949522 0.0519192144 0.21526143 -0.296605587 -0.218889102 0.108844444 -0.108427547 -0.284497023 0.212409124 -0.0339120291 -0.246550441 -0.20082821 0.0572914667 0.113200434 0.260372967 -0.207319915 0.231173754 -0.0820666105 0.181852475 0.169410497 0.12875101 -0.263212502 0.0134761073
y 13 slot 3 37 -1.00651968 0.511511028 0.114854865 0.656665742 0.599658608 0.239373893 0.00499265641 -0.23750551 -0.0982484445 0.993494332 0.121035568 -0.6357373 0.213318706 -0.463735014 -0.0874035284 0.123032913 0.243994221 -0.936861992 -0.319627553 0.502978563 -0.119758628 -0.963196576 0.840014637 -0.169361815 -0.555646658 -0.934593558 0.0393000767 0.475944191 0.306741565 -0.129197374 1.01861227 -0.204849765 0.119444542 0.47448343 0.0557808541 -0.290508807 0.0208702199
s 14 slot 4 37 -0.288481444 0.208857119 -0.146509483 0.267339408 0.154750481 -0.20083344 0.101026013 -0.1499919 0.295764565 0.237329245 -0.0105458945 -0.153646559 0.110945418 0.113320887 0.0219422337 0.0467351638 0.294802904 0.000945530366 -0.152332708 0.02880916 -0.25418812 -0.286687315 0.180405542 0.271552086 0.0170226656 0.299404591 0.255231619 -0.0631214753 -0.0742884278 0.25001806 -0.127505824 0.193237126 -0.0406524464 -0.0330826044 0.139509633 -0.233896583 0.14418453
y 14 slot 4 37 -1.33102906 1.03711236 -0.217516527 0.740331292 0.750124216 -0.353704423 0.130528808 -0.217669383 0.26693669 0.828767598 -0.0429752022 -0.382628977 0.297510952 0.372162044 0.0468887873 0.0512402095 0.31289041 0.0198367704 -0.277822286 0.107685901 -0.281725883 -0.980666816 0.74982971 1.32011735 0.0601080842 1.40939772 0.229302093 -0.255895615 -0.0978463218 0.176072016 -0.577564895 0.49161464 -0.0205444284 -0.0912545919 0.105363391 -0.28587392 0.0938374251
s 15 slot 5 37 0.189566731 0.0934163406 0.0955960751 0.0759104639 -0.127212375 0.256454945 0.0284485873 0.0644022301 -0.0942037404 0.182719171 -0.144052029 0.0187334474 -0.227698028 -0.0810041204 -0.0211696606 0.188921243 -0.113384232 -0.106225871 -0.171488866 -0.293953359 -0.142047733 0.0935468599 0.0950739235 0.268859655 -0.219297603 0.19161123 -0.167884052 -0.030100517 0.170517445 0.0432735644 0.0753167346 -0.20234704 0.200903445 0.223754406 -0.175275221 0.27748841 -0.151315987
y 15 slot 5 37 0.88266927 0.462487519 0.120465763 0.226342753 -0.628303826 0.506193638 0.0258345138 0.0813296065 -0.0717219934 0.650037169 -0.479783118 0.0409651138 -0.668919384 -0.290524602 -0.0216888636 0.406239182 -0.115796782 -0.305271566 -0.250557244 -1.35191131 -0.150733694 0.335588455 0.397764593 1.31761098 -0.496590167 0.873059094 -0.138632819 -0.108922139 0.178526416 0.0236298665 0.319609135 -0.496378899 0.126183018 0.619584024 -0.0954472572 0.300217927 -0.119371526
s 16 slot 6 37 0.0852977112 0.267098844 0.267135262 0.226978406 -0.146179914 -0.224690512 0.0473629758 0.231123745 0.0258698221 -0.158424973 0.148540184 -0.0544595979 0.143984586 -0.238247484 0.233066171 -0.163249433 -0.213310838 -0.204939201 0.196545482 0.142832726 -0.180020541 0.1283039 -0.259348422 0.282430589 -0.149911687 0.273902982 0.188562691 0.00733269565 -0.176555261 0.197915137 0.0841470957 0.182728454 -0.185749188 0.141713932 0.0497664437 0.207599774 0.237634033
y 16 slot 6 37 0.392823786 1.27086127 0.330031514 0.662257791 -0.699200392 -0.441302866 0.0509339385 0.291746408 0.011116311 -0.557246506 0.484070867 -0.138769403 0.427751482 -0.787673771 0.142947257 -0.330095857 -0.235993952 -0.656009614 0.310942084 0.661317825 -0.200108647 0.431870401 -1.05295169 1.34959662 -0.338496208 1.25739884 0.146323442 0.0208622273 -0.194282606 0.102490328 0.377687395 0.431779146 -0.12321721 0.398505419 0.0163774546 0.246878877 0.212716639
s 17 slot 7 37 0.116265543 0.116150439 0.256456971 -0.100490004 -0.0612518229 -0.295264453 0.14989306 0.29848516 -0.0926335976 0.245258883 -0.225270927 -0.188808158 -0.0167006794 -0.0262087751 -0.125766173 -0.153402388 -0.0960531905 0.238978982 -0.0652522296 0.20169811 -0.237248853 -0.299016088 0.0617970861 0.095465377 -0.29347086 -0.145939678 0.208868027 -0.190428615 -0.28071031 -0.105372384 -0.281910896 -0.0733410046 -0.164826125 -0.136418551 -0.0638343543 0.115337372 -0.131030381
y 17 slot 7 37 0.538359761 0.557432115 0.322113663 -0.276284099 -0.306551218 -0.55580771 0.162022382 0.375366032 -0.0799890906 0.86531955 -0.729173124 -0.486049652 -0.0471881256 -0.0977313221 -0.0959577039 -0.301077724 -0.09602198 0.760008216 -0.0794419274 0.910321772 -0.257725745 -0.999733269 0.249779522 0.470021993 -0.665127993 -0.687966645 0.161083326 -0.802830815 -0.332436472 -0.0706200302 -1.2332691 -0.191431627 -0.115950577 -0.386496693 -0.0458959006 0.128008947 -0.0972348005
s 18 slot 8 37 0.199572444 0.0533839725 -0.216622084 -0.282562196 -0.214722693 0.152645916 0.157361388 -0.0994126275 -0.218778968 -0.208923146 -0.107074223 0.125275552 0.296753496 0.170070082 -0.250502884 -0.0989382491 -0.237331823 -0.276840806 -0.0347225145 0.255570233 -0.219319478 0.213275716 -0.0905785784 0.0262621772 -0.0812909678 0.0276955031 -0.0857940018 -0.158479601 -0.155752242 -0.0775219053 0.101605043 0.120244712 -0.119738705 -0.0306929555 -0.0876523554 -0.258227199 -0.211057916
y 18 slot 8 37 0.928689957 0.251112044 -0.273357719 -0.828511715 -1.01431143 0.275942236 0.188643679 -0.131168365 -0.178118959 -0.741766036 -0.325643539 0.326329648 0.863600731 0.586118817 -0.147805691 -0.227169618 -0.277894467 -0.889775872 -0.072878696 1.1723758 -0.248011261 0.703250349 -0.373460203 0.10741888 -0.168541819 0.143987447 -0.0623433515 -0.690624058 -0.164585277 -0.0362629704 0.449793339 0.305514902 -0.0711310655 -0.0790283382 -0.0331131406 -0.283151627 -0.201457128
s 19 slot 9 37 0.088143304 0.015809644 -0.0639638752 0.0844795629 0.0653414726 0.233690038 0.193064839 0.174155459 -0.195190147 0.152539656 0.12922886 0.299468488 0.299838692 -0.289255559 -0.15339078 0.24940078 0.109336369 0.199964345 -0.256191432 -0.180659428 0.178278878 -0.104006872 -0.257735819 -0.129686475 -0.180304021 0.0587276854 -0.00536427973 -0.132170781 -0.079500027 0.0824084654 0.221101716 -0.0585479662 0.121706516 -0.125971019 -0.162418336 -0.18897824 -0.212438852
y 19 slot 9 37 0.40783 0.0721847713 -0.0646683052 0.252566457 0.308171928 0.442168117 0.214466006 0.220692351 -0.163740769 0.53702867 0.410214812 0.75740248 0.87117362 -0.970312834 -0.108903937 0.535657942 0.128130913 0.629457295 -0.377246797 -0.819066882 0.198541895 -0.345717996 -1.03388512 -0.621648312 -0.408757508 0.261587858 -0.0101288343 -0.560623646 -0.0940817967 0.0391907953 0.969072402 -0.14989461 0.0775068104 -0.354774058 -0.0926091447 -0.213527665 -0.174211517
s 20 slot 0 37 0.249533713 -0.194621518 0.277127653 0.255988181 -0.206466436 -0.0704601035 -0.103966042 0.25080961 -0.0457215123 0.126963541 -0.0779779777 0.264307112 -0.220472574 -0.127302483 -0.0451989286 0.130254924 -0.158696696 0.180131167 0.235694051 -0.117498055 0.128213733 0.262592196 -0.143722728 -0.239069119 0.235564247 -0.275177658 -0.116876081 -0.245557889 0.246156856 -0.21476084 0.124929979 0.287465483 0.258468777 0.293692648 0.230880648 0.0793045387 0.21975036
y 20 slot 0 37 1.14895213 -0.970266879 0.379386276 0.773976088 -1.00231314 -0.160657749 -0.13685976 0.345092863 -0.065141052 0.448190719 -0.242180154 0.66173774 -0.613433778 -0.421461761 -0.0672493875 0.326827645 -0.157560304 0.549780488 0.412204713 -0.510346413 0.143914238 0.903194845 -0.603344858 -1.16126835 0.498405725 -1.3029089 -0.120326839 -1.05660498 0.294861466 -0.160142913 0.567020297 0.653454483 0.163302228 0.819546223 0.0804266185 0.110495731 0.228033751
M 20 20 -0.252359095 -0 -0 -0 -0 -0 -0 -0 -0 -0 -0 -0 -0 -0 -0 -0 -0 -0 -0 -0 -0 -0.333625293 0.00866495809 -0.0200043537 0.0218678543 0.000604767582 -0.00433629948 0.0058456783 0.00254093619 -0.00522450125 -0.0275747848 -0.0378976181 0.0676241473 0.0467214517 -0.0765908763 -0.0855865349 0.0162545277 -0.0274734389 -0.0272996962 -0.0183616085 -0 0.00866495809 -0.234819731 -0.0365065599 -0.00800255453 -0.000247628886 -0.0035672287 -0.00362985793 -0.00252158769 0.00575259434 0.0303620467 -0.0284726368 -0.0569295097 0.0445267864 -0.109778248 0.0291989284 -0.0163137431 0.046162772 -0.0136777676 -0.00205315238 -0 -0.0200043537 -0.0365065599 -0.291117717 0.00894650867 -0.00499058652 -0.00752382219 0.00105299972 0.00116949076 -0.00321969544 -0.0169934707 0.0243639854 0.0229994734 -0.0443489638 0.0711226458 0.0268486152 -0.0453532482 -0.00310743968 -0.036376498 0.0206493332 -0 0.0218678543 -0.00800255453 0.00894650867 -0.204819157 0.000105159668 -0.0114081501 0.0181307561 0.00986667392 -0.0219698031 -0.115956062 -0.0209155986 -0.00546303333 0.0142759349 -0.0963383209 -0.00388284941 0.0426227451 0.0193600146 -0.089029641 -0.0112251259 -0 0.000604767582 -0.000247628886 -0.00499058652 0.000105159668 -0.37050314 -0.00708115451 -0.0050380191 -0.00153199502 0.00227713086 0.0120186388 -0.000536293475 -0.0016418671 0.00977631651 -0.00485034193 -0.0132511314 0.0515668554 -0.00988890815 -0.0224066666 0.0422342694 -0 -0.00433629948 -0.0035672287 -0.00752382219 -0.0114081501 -0.00708115451 -0.295794423 0.000466240079 0.000255455425 -0.000161314013 -0.000851411262 0.00393255651 0.000426599063 0.00256231909 0.0112455246 0.00803627541 -0.00537923984 0.00455422404 0.055351354 -0.0148396528 -0 0.0058456783 -0.00362985793 0.00105299972 0.0181307561 -0.0050380191 0.000466240079 -0.334296257 0.00242828711 -0.00481268692 -0.0254012392 -0.00650543236 0.00216305996 0.00200056683 -0.0170520095 0.00446465001 -0.000741103445 -0.00526330613 -0.00771485885 -0.0239810172 -0 0.00254093619 -0.00252158769 0.00116949076 0.00986667392 -0.00153199502 0.000255455425 0.00242828711 -0.367886577 -0.00300921292 -0.0158825493 -0.0017071882 0.000981113716 0.000329431275 -0.00924366069 0.000912757551 0.000959490836 -0.00311278564 -0.00325865392 -0.00269931794 0 -0.00522450125 0.00575259434 -0.00321969544 -0.0219698031 0.00227713086 -0.000161314013 -0.00481268692 -0.00300921292 -0.363769874 0.0361509238 0.00255348705 -0.00194827788 -0.000110822441 0.0205681619 -0.000662471379 -0.00320582599 0.00692909223 0.00824087155 -0.00189182684 0 -0.0275747848 0.0303620467 -0.0169934707 -0.115956062 0.0120186388 -0.000851411262 -0.0254012392 -0.0158825493 0.0361509238 0.190803657 0.0134772397 -0.0102829612 -0.000584918027 0.108558236 -0.0034965071 -0.0169202681 0.0365715727 0.0434951106 -0.00998501398 0 -0.0378976181 -0.0284726368 0.0243639854 -0.0209155986 -0.000536293475 0.00393255651 -0.00650543236 -0.0017071882 0.00255348705 0.0134772397 0.324240287 -0.0346014759 -0.0417788105 0.0805025848 0.0107800608 -0.0278379717 0.0153498671 0.0268964295 0.0464944824 0 0.0676241473 -0.0569295097 0.0229994734 -0.00546303333 -0.0016418671 0.000426599063 0.00216305996 0.000981113716 -0.00194827788 -0.0102829612 -0.0346014759 0.316976639 -0.0439784092 0.0715032542 -0.0254917663 -0.00355863817 -0.0586211794 0.00443250592 -0.00955413146 0 0.0467214517 0.0445267864 -0.0443489638 0.0142759349 0.00977631651 0.00256231909 0.00200056683 0.000329431275 -0.000110822441 -0.000584918027 -0.0417788105 -0.0439784092 0.306466401 -0.0930744725 -0.0430333344 0.0722817222 0.0116102567 0.00719566899 -0.0226075217 0 -0.0765908763 -0.109778248 0.0711226458 -0.0963383209 -0.00485034193 0.0112455246 -0.0170520095 -0.00924366069 0.0205681619 0.108558236 0.0805025848 0.0715032542 -0.0930744725 0.315741238 0.0553914758 -0.0639099067 -0.00939470525 0.0850560409 0.0110303832 0 -0.0855865349 0.0291989284 0.0268486152 -0.00388284941 -0.0132511314 0.00803627541 0.00446465001 0.000912757551 -0.000662471379 -0.0034965071 0.0107800608 -0.0254917663 -0.0430333344 0.0553914758 0.315797822 -0.0260131797 -0.00522530908 0.0298323837 -0.0499494053 0 0.0162545277 -0.0163137431 -0.0453532482 0.0426227451 0.0515668554 -0.00537923984 -0.000741103445 0.000959490836 -0.00320582599 -0.0169202681 -0.0278379717 -0.00355863817 0.0722817222 -0.0639099067 -0.0260131797 0.25043081 -0.0378985529 -0.0200907308 0.0370878362 0 -0.0274734389 0.046162772 -0.00310743968 0.0193600146 -0.00988890815 0.00455422404 -0.00526330613 -0.00311278564 0.00692909223 0.0365715727 0.0153498671 -0.0586211794 0.0116102567 -0.00939470525 -0.00522530908 -0.0378985529 0.258864759 0.00237714857 0.00361442945 0 -0.0272996962 -0.0136777676 -0.036376498 -0.089029641 -0.0224066666 0.055351354 -0.00771485885 -0.00325865392 0.00824087155 0.0434951106 0.0268964295 0.00443250592 0.00719566899 0.0850560409 0.0298323837 -0.0200907308 0.00237714857 0.264460394 -0.0314578393 0 -0.0183616085 -0.00205315238 0.0206493332 -0.0112251259 0.0422342694 -0.0148396528 -0.0239810172 -0.00269931794 -0.00189182684 -0.00998501398 0.0464944824 -0.00955413146 -0.0226075217 0.0110303832 -0.0499494053 0.0370878362 0.00361442945 -0.0314578393 0.285207986
mv_in 0 20 0.196957797 0.445463687 0.567184091 -0.872502804 -0.57652998 -0.532140136 -0.588420689 -0.136667967 0.394560724 0.673294067 0.229881302 -0.660549045 -0.215198442 0.0401153378 0.643288314 0.648559272 -0.669004083 0.420599967 -0.91536212 0.713331878
mv_out 0 20 -0.0497040913 -0.249241686 -0.0577268323 0.337957214 0.0862922926 0.211494019 0.140860783 0.0132219054 -0.162823257 -0.21415326 0.186747903 -0.155228747 -0.0728491322 -0.0351460659 0.06611158 0.147423703 -0.191421295 0.148784358 -0.136626791 0.118101137
mv_in 1 20 -0.846708655 -0.368611634 -0.749566376 -0.69797039 -0.382690817 0.31640479 0.794038296 0.397982389 0.177957639 0.50095582 0.376580685 0.107368283 -0.315645188 -0.474510044 0.786835313 0.491426796 -0.226275831 0.945215881 0.375212848 0.535394907
mv_out 1 20 0.21367463 -0.0910257393 0.173722969 0.30985531 -0.100416604 -0.13737431 -0.193178817 -0.187014589 -0.0892121603 -0.136054603 0.261836498 0.222717072 -0.0974322104 -0.264592975 0.497189386 0.208684103 -0.153881438 0.246135117 0.302334266 0.123825723
mv_in 2 20 -0.892939687 0.586538255 0.60199821 0.800896049 -0.924689114 0.668589652 -0.0386633612 0.813331306 -0.729023814 0.858437002 0.365068734 -0.15094769 0.215491161 0.775547981 0.277194679 0.212022185 -0.487643778 -0.362668127 -0.662122011 -0.608394027
mv_out 2 20 0.225341451 -0.189352604 -0.139393347 -0.260090553 0.174936797 -0.277231503 -0.0140649101 -0.283945466 0.255359615 -0.281717936 0.192304889 -0.100248587 0.103077829 0.182121373 0.0833980468 0.0514536234 -0.13294486 -0.08704601 -0.0837756971 -0.185312288
pg_inf 1.98440945
xcp 37 2.25107741 0.257681936 -0.590782225 -1.17072846 0.68166995 -0.30643512 0.260404272 -1.5302335 -0.729762852 -2.64155467 2.07831001 -1.86928272 -2.4845382 -1.2889196 -1.27687395 -1.24531641 3.14636867 0.545068502 -0.740271363 1.35097551 0.0482088715 0.304186821 0.0996100903 2.08084971 1.28144753 -0.587439184 -1.6065644 -1.48826358 0.221160982 -0.00922129329 1.45147729 0.65896567 -1.17686689 0.467805819 -0.626151204 -0.539208371 -2.2504921
vecc 20 -0.264087075 -0.901852213 -0.689625169 -0.411767472 0.744494442 0.410522297 1.17186988 0.0287420362 0.215317619 -0.0593034018 0.245391764 -0.829973206 -0.744342116 -0.391185169 0.243327353 -0.338393392 0.616315701 -0.145183201 6.85121532e-05 0.191716735
brk0 13 0 1 7 8 11 14 17 19 24 26 30 34 36
newact 4 21 4 22 10
newact_sorted 4 4 10 21 22
fv 20 2 3 23 32 15 27 33 31 9 6 20 5 29 35 28 13 18 25 16 12
fv_sorted 20 2 3 5 6 9 12 13 15 16 18 20 23 25 27 28 29 31 32 33 35
drt0 37 0 0 0 -0.22773046 -0.113566515 -0.283752543 -0.229342279 0 0 -0.109029706 0.316601168 0 0.00481364262 -0.133963535 0 0.286600453 -0.0445212345 0 -0.133449087 0 0.382056691 -0.0890659583 0.0759310188 0.387972618 0 0.0946611667 0 -0.148732296 -0.22116754 -0.219848384 0 0.268402456 0 0.209594086 0 -0.124963939 0
step_max0 1.34421232
drt 37 0 0 -0.0403436183 -0.353601775 -0.152657509 -0.461241389 -0.370778698 0 0 -0.182675433 0.42557919 0 0.0388237488 -0.21440573 0 0.441585763 -0.0418583971 0 -0.161729966 0 0.732605822 -0.119723558 0.102067411 0.362368916 0 -0.00568127357 0 -0.153209103 -0.303032727 -0.256755434 0 0.413896748 -0.117319407 0.245256282 0 -0.249955354 0
sub_L 0
sub_U 0
sub_P 20 2 3 5 6 9 12 13 15 16 18 20 23 25 27 28 29 31 32 33 35
dg -7.60251731
step_max 1
