# lbfgsb component fixture 05 (LBFGSpp 0.3.0 BFGSMat/Cauchy/SubspaceMin, double)
seed 1592629931
n 300
m 10
npairs 7
ncorr 7
ptr 7
theta 3.37996825
lb 300 -2.93333387 -0.871526301 0.0981327295 1.75993264 1.45087099 -1.71405554 -inf -0.722163439 1.61161089 0.161962956 -2.73858094 -2.24549723 -0.0835920572 0.0161264185 -1.04588425 0.555265605 0.820184469 -inf -1.52342343 0.250534415 -0.814121246 -2.24362993 -1.449615 -0.359930634 -2.1647172 -0.304256737 -0.687829614 -0.649293542 0.510355592 0.332010746 0.685863256 -1.11884737 -inf -1.16737366 -0.355036378 -0.249051452 -2.03658867 -1.82292247 -2.93026805 -1.37377596 -3.21721888 -2.18272138 0.0738061666 -1.60714459 -1.77917743 -2.61814618 -2.46337557 1.62189853 -0.668397784 -1.47993541 -0.286923885 -3.1347084 1.9775635 0.337302506 -0.0106930733 0.692966819 -2.61994553 -1.60514569 -inf -1.20416665 -1.73125088 -inf -2.17385364 -1.42118633 -0.882559121 -0.741787016 -0.524074554 -1.21724343 0.375459909 -2.22930288 -1.81382275 -3.23723626 -1.80983973 0.242937148 -1.03872776 -1.96946836 -1.56477904 1.44777918 -2.85883212 -1.83562934 -inf -inf -0.513226926 -inf -0.949751735 0.216923237 -0.598272979 0.854645669 -2.01106811 -0.0977061987 -0.478662729 -inf -0.286719978 -1.6395154 -inf 1.48916829 -2.72245216 1.37503767 -0.651748419 0.727749586 0.166466236 -2.32828569 -inf -1.15227568 0.702639461 -1.04432452 1.36527061 -3.53846407 -2.15462065 -1.92940807 -1.82652748 -1.83229756 -inf -0.00873795152 -2.2978704 -2.32037354 1.4820112 -2.57885432 0.30437243 -1.7790699 0.958891809 -0.716618538 -3.49868584 -1.70725179 0.247794747 -1.89591432 -2.37505746 0.43297708 0.548746228 0.399947405 -1.55436909 0.0166985448 -inf 0.7758255 -inf -inf 0.437183976 -0.0950611234 -0.269441754 -0.201554954 -1.81001258 1.20251 0.370355278 -0.815334797 -1.89931941 -1.74497318 1.75691628 0.529920876 -inf -1.09649622 -0.54033345 0.647491455 1.46563244 1.76696575 -1.33702755 -0.37436378 -inf 1.25099552 0.290091664 -1.60075831 -1.89838386 -2.99418497 -1.80642879 0.550979853 -1.90214527 -0.0467416048 -inf -inf -2.61626434 0.666801572 0.660016894 -1.94772518 -2.00753021 -0.825827599 -0.489028275 -1.3832978 0.871435225 -1.1267941 -1.20594764 -2.04689145 -1.52433264 -3.06608582 -1.72324288 -1.43212688 0.377314657 1.65978456 0.515412331 0.21216011 -3.26433277 -1.12900722 -0.272335768 -inf 0.129501492 -1.78742623 -0.845690966 -inf -0.385554969 -2.59083652 0.612628698 -inf 0.759157121 -2.99884415 -3.15520287 0.207260847 -0.042088449 -1.88894176 0.180433065 -1.62405062 1.00396395 -1.67442405 -0.295657754 -1.16751957 -1.5857265 -0.487655401 -inf 0.452084541 -2.32067394 -inf -inf -2.49695206 -2.17865682 -1.32763779 -1.27783799 0.236326605 -1.67786646 -0.866532564 0.411693692 -1.21561861 1.83309102 0.822286725 -1.29968834 -2.17152667 -inf -2.392735 0.591255188 1.82025659 1.07064986 -inf -2.05095243 -0.597657919 0.66960156 -1.31478024 -0.42609182 -inf -1.39759398 -1.93641412 1.42805839 -1.6265707 -1.36246669 0.824304163 0.990018487 -0.929773748 -0.466724873 -1.34993255 0.568595469 -inf -0.385531127 -1.69055557 -inf -2.44457841 -2.00112295 0.735651493 -2.76886845 -1.26955795 -1.5199039 0.13933444 -1.42512012 -0.87980032 1.30938888 -inf -1.43457484 -inf 1.27542531 1.13618112 -inf -2.74626541 0.266102195 1.14343011 -0.106595278 -3.11433363 0.31134069 -1.79081297 -0.506291807 -1.88706517 -2.180686 0.424484611 -0.864868343 0.0804177523 -1.40631306 -1.53431284 -1.04839742 -0.699846327 1.2448982 -0.525456309 -0.949426055 -0.779453456 -1.28626549 1.79338586 1.47144783 0.0441194177
ub 300 -0.479779959 1.79981089 2.38085079 1.75993264 2.4755857 0.129950464 inf 1.35211825 2.29426169 1.00264549 -0.597842216 -0.988949656 0.96028471 0.0161264185 -0.0752732456 1.76673484 2.74581122 inf 0.0525378585 3.3388133 1.17110837 -1.6493485 -0.357176721 1.71411884 -0.105434179 0.654963017 -0.687829614 2.22740459 1.28905904 2.99706221 2.76639843 0.82185477 inf inf 2.69531441 1.35460484 -0.687292457 -1.53189611 -0.822627544 -0.888131618 -0.750487924 -1.13970542 3.01525545 0.0672900081 -0.0998163819 -0.970272005 0.497561991 1.92543375 0.847349167 -0.439725757 1.81642938 0.0127769709 1.9775635 1.55538797 2.3074677 2.46831322 0.169582248 -0.700010598 inf -1.20416665 -1.08344162 inf 0.155426979 -0.183223128 0.209225476 2.1840198 0.00653588772 1.29279995 1.70439982 0.865446866 -0.890546322 -0.699429512 -1.80983973 0.242937148 -1.03872776 0.87326473 1.38223982 1.44777918 -0.615232944 -1.52720344 inf inf 1.05217075 inf 0.515052557 3.22384953 2.58866906 2.37626576 1.01962924 1.60684907 1.25921583 inf 0.676790059 -0.499188006 inf 1.82408583 -0.324537516 1.37503767 1.34052718 2.09858274 2.71387696 0.219823956 -1.66457784 0.808703899 3.00278807 1.46648467 1.36527061 -0.396310806 0.972219408 1.08298182 0.786475062 -0.789209783 -0.523994505 0.374816626 0.603761137 -1.05810571 1.4820112 -0.802535355 2.48306465 1.3978045 2.12692285 1.81156731 -0.345874906 0.336181819 3.01008415 -1.89591432 -0.242075682 1.10861015 3.02664185 3.2401979 -1.55436909 0.0166985448 inf 2.92726421 inf inf 0.666102886 2.00935268 -0.269441754 2.17916179 -0.836967528 1.5536679 0.370355278 -0.815334797 -1.89931941 -1.74497318 1.75691628 2.170012 0.0743562132 -1.09649622 0.413521677 0.935997963 1.77296066 1.76696575 -0.398082614 2.43151712 inf 2.66446209 0.539417148 0.879095256 -0.763257325 -0.695767522 -0.13639009 2.98599648 -0.202039838 2.30972481 inf -0.895514309 -1.16373074 1.32513428 1.80682957 -1.94772518 -0.35921824 1.15894449 2.14816546 -1.3832978 1.17223501 -0.48382026 0.927596569 -1.14074326 0.639408469 -0.889299273 0.867671847 1.72531998 1.29527938 1.65978456 1.00585926 2.62198043 -0.507160068 0.361289829 2.6876452 inf 1.04220963 0.470513821 1.96758676 0.546343386 1.48077178 -0.911558926 2.20711565 0.235967547 1.06973815 -0.937106967 -0.0852011442 2.88281465 1.16494656 -0.0606262684 0.692914009 -0.00848835707 2.43088293 -1.67442405 1.55541909 0.339668214 -1.36346698 2.62574577 -1.97085667 1.2803998 0.49645102 -0.0190426633 -0.70742476 -1.30987954 -1.40187955 -0.985208392 -1.27783799 0.236326605 1.366822 0.814999938 0.411693692 -0.0695427656 1.83309102 1.28157437 -0.278581023 0.702968061 -0.324199766 -0.588313639 2.83311892 1.82025659 1.91476965 inf 0.666346908 1.23891401 1.73200643 1.14294147 0.879193068 inf -0.244064271 inf 2.35292935 1.44905376 -1.15638697 1.31926894 2.43689394 1.58641624 -0.466724873 1.52018178 0.568595469 -0.441328466 1.59066319 -0.421621323 inf -0.482724607 0.508482397 1.96960211 -0.141356826 0.901402712 -0.625493765 3.28952885 -1.22146893 2.23866153 inf inf 1.7253201 inf 2.16006947 2.12495804 inf -0.68770802 1.51175582 1.14343011 2.36460733 -0.505950809 3.49959087 -0.863951504 1.38176775 -0.627715766 0.46054852 1.4580797 1.07397497 1.58211184 1.62625229 -1.53431284 0.129597068 2.19275856 1.84620035 0.13210468 1.77662075 2.02050853 -1.28626549 inf 1.78379381 1.4161911
x 300 -0.479779959 0.54785049 1.53883696 1.75993264 1.90486073 -0.0224612374 -0.144177467 -0.150950104 1.61161089 0.852276146 -2.73858094 -1.40315402 0.284619063 0.0161264185 -0.672335744 0.759929001 0.820184469 -0.0576699451 -0.873356283 3.0300355 -0.310381323 -2.10182524 -0.357176721 -0.359930634 -0.621919334 0.654963017 -0.687829614 1.7598846 0.510355592 0.332010746 1.04418421 0.82185477 -0.0983280391 -1.16737366 -0.355036378 1.10476804 -0.687292457 -1.69642472 -2.5533309 -1.37377596 -0.750487924 -1.2440604 2.18598747 -0.808528006 -0.0998163819 -2.61814618 0.497561991 1.646402 0.118560597 -1.47993541 1.81642938 0.0127769709 1.9775635 1.55538797 0.7766155 1.41240048 -1.7864188 -1.11195922 0.0310306903 -1.20416665 -1.73125088 0.667932689 0.0257705469 -1.42118633 -0.571020842 0.00126675155 -0.430949926 1.29279995 0.375459909 -2.22930288 -0.890546322 -2.6317513 -1.80983973 0.242937148 -1.03872776 -0.0795406103 -0.599217713 1.44777918 -2.63212156 -1.83562934 -0.374644637 -0.547246337 -0.160145283 -0.494728655 -0.873188555 3.22384953 1.51140618 1.51465309 0.815911293 0.945792437 0.712731421 -0.835585117 -0.211042866 -0.617025912 -0.281476736 1.58969951 -2.72245216 1.37503767 1.34052718 2.09858274 0.76717943 -2.19056392 -2.93240833 -1.00899982 2.26678109 0.0454873554 1.36527061 -1.31112063 -2.15462065 1.08298182 0.786475062 -0.789209783 -1.16188765 -0.00873795152 -1.49618351 -2.32037354 1.4820112 -1.192752 0.30437243 -1.7790699 1.41119719 1.04575384 -0.345874906 -1.70725179 1.99411583 -1.89591432 -1.84266567 1.10861015 1.726596 3.2401979 -1.55436909 0.0166985448 -0.481303215 2.92726421 -0.607515574 0.78901577 0.666102886 2.00935268 -0.269441754 0.274699748 -1.04166853 1.20251 0.370355278 -0.815334797 -1.89931941 -1.74497318 1.75691628 0.529920876 -0.260113597 -1.09649622 0.219613895 0.647491455 1.63804352 1.76696575 -0.896299005 -0.144551694 -0.528297663 2.35696864 0.539417148 0.879095256 -0.964896619 -0.695767522 -1.80642879 1.24376297 -0.519021332 0.854756355 0.0217970386 -0.895514309 -2.42493987 1.15535498 1.80682957 -1.94772518 -0.464604169 0.735258639 1.93787611 -1.3832978 1.11720395 -0.777873218 0.927596569 -1.14074326 -1.52433264 -0.889299273 -0.416007638 1.72531998 0.377314657 1.65978456 0.515412331 0.21216011 -1.63991904 0.361289829 2.6876452 0.648348272 0.537970483 -1.37882042 1.96758676 -1.31134295 0.101350002 -2.59083652 0.612628698 0.235967547 1.06973815 -1.77161455 -0.0852011442 0.207260847 0.334756941 -1.88894176 0.374580503 -1.62405062 1.07873917 -1.67442405 -0.295657754 -1.16751957 -1.5857265 -0.165336445 -3.74250293 1.03737938 -1.83367193 -1.74698782 -0.70742476 -1.41189861 -2.17865682 -1.06925488 -1.27783799 0.236326605 -1.67786646 0.0184586104 0.411693692 -0.148748815 1.83309102 0.897288382 -1.29968834 -1.83751261 -0.324199766 -1.29474962 2.83311892 1.82025659 1.12082994 -0.835850835 -1.55515981 -0.597657919 0.66960156 0.317339987 0.520752311 0.730170488 -0.966860294 -0.908774018 1.91577196 -1.6265707 -1.36246669 1.24232614 0.990018487 -0.129389286 -0.466724873 -1.34993255 0.568595469 -0.441328466 -0.385531127 -0.989408851 0.503147423 -1.87667966 0.114575259 1.96960211 -1.0396198 0.901402712 -1.33300638 3.28952885 -1.42512012 1.18487132 3.16040921 -0.721280336 -0.903450251 0.131949797 1.89555311 1.38142967 -0.0391496159 -0.68770802 0.266102195 1.14343011 -0.106595278 -3.11433363 2.34673166 -1.14228177 -0.333943874 -1.53820527 -2.180686 0.708910584 -0.232079789 0.958247781 -0.597207129 -1.53431284 0.129597068 0.469231993 1.7174176 -0.357542425 0.152262673 0.716419995 -1.28626549 1.94085693 1.6794939 1.4161911
g 300 -9.57350063 6.54297304 15.9787903 -16.9769135 1.11754882 16.2600899 18.7534771 -9.44818687 7.73899317 -19.0773449 11.0642414 -12.8290977 -13.6670446 -19.5959358 -3.84192729 0.961264193 2.40225339 -2.71516013 -16.6685276 17.8128147 5.61018801 8.17888355 4.26148558 19.8056908 4.59454775 8.22723484 -13.8797512 -3.72049975 -17.346426 1.34988904 15.4875612 -13.0726614 -11.9695053 1.67982793 10.1825552 -15.8592434 0.421070486 11.6130648 0.79539299 -5.78443861 1.02276862 3.53749347 -7.64142466 -4.02882051 -4.20590591 7.1396656 12.2713499 -14.1098967 -15.1785088 11.8349152 9.14675713 11.6005564 7.14606428 -12.6219082 -3.088305 -2.97202635 -12.7782326 16.9459782 -8.70668316 -12.5887651 6.40450001 -7.19874859 14.3288698 12.53339 -9.10456657 -3.33272195 -7.44308615 -16.323534 16.1499519 -19.9486942 -5.02818727 19.9757881 0.362732619 14.5400419 -15.0496483 0.433959305 -10.062829 -4.88506889 -15.8683023 12.6226358 1.49618185 -3.50458932 4.70593977 11.5084686 16.9992771 0.00533016305 11.0021114 15.2078352 8.28638649 16.6192226 -13.7224598 5.37793398 -7.60805941 -14.9232283 -8.54411888 0.108910277 11.8204231 -19.1799164 -13.1678905 -4.44263363 -11.5962934 -12.7748041 5.69570303 -7.72458601 -13.1133404 -3.83803844 15.3943748 -8.39268875 -19.0912209 -19.4683208 -7.56773567 -8.69756508 3.09914541 4.24400139 1.46874869 -15.562604 -3.37203693 -19.2593803 -4.29430389 13.8309355 7.85220575 10.0714922 -17.0942326 9.42744732 8.42106247 -18.2350903 -11.54638 -10.6383677 13.3610125 -19.3879128 -17.9767208 13.0166445 15.5089359 -10.1125278 -6.03130817 -12.8040152 4.58748579 -1.58678508 -5.75076437 -0.853834271 0.407322735 3.73229599 -4.1527915 7.14288712 11.3358545 -6.07454157 19.268158 17.387661 -16.7780399 -9.39937973 -18.6427593 -7.47978878 11.5842123 2.23639536 -7.26294136 -18.4004917 -11.0280066 0 -9.05236626 -16.9450893 -9.59113121 10.0478992 3.28322434 14.5408678 -2.76575565 -3.22729659 -18.2847328 -4.52301502 -18.817482 11.6975727 -7.55459166 -1.23277485 0.720332503 -2.93856215 10.0364704 19.6365585 -7.22210598 -6.69618988 17.8206444 0 -8.40623188 8.88537216 12.7123861 -10.2515516 -3.78585625 9.03439045 -15.7237959 17.3053722 2.22511792 -4.41807318 8.52925396 -13.5431032 -5.76759958 -9.7482233 7.42869949 -11.1548233 6.18072367 5.53677845 -0.435278744 -5.90329123 13.6569443 0.197898105 5.09704828 7.39832067 17.7260838 -7.70404959 -3.60091949 15.2815781 -3.7551949 0 -6.74011374 -11.0927448 8.06484509 1.88336754 13.9280701 0 -10.1742506 14.737298 5.36566544 5.65521526 10.0715084 15.533042 -19.3230457 -2.59909248 10.5067148 -14.7883539 -16.020731 5.09627247 -14.4621096 -8.02398872 -0.0682835653 -19.9556332 2.72346282 19.5954475 17.8023701 -14.063653 17.1124249 3.12318444 -4.75344753 7.80785275 -3.05300689 19.1793995 13.12253 -3.25788689 -5.63319683 -3.32399821 -1.90543127 -13.4974899 13.2059164 -15.0518942 -2.25770164 15.4463463 -5.65586996 0.568232417 -18.1764622 5.98509693 -0.466117442 -3.73313498 -6.45305443 14.7115974 2.30482173 14.2608004 -19.3483715 -13.3540297 -17.3377972 -16.7820282 7.03635073 -2.46704745 -4.4061079 11.7782745 -3.89454556 -0.796070516 -14.6674891 10.0951624 1.44474387 9.17727947 4.65484715 -8.99279404 4.83101606 9.70383644 -2.752666 9.72271442 0 7.25482416 -18.0358772 2.07373333 -7.93698931 -5.48026085 0.509647429 0.58199656 -1.18607223 10.1866465 -11.1460505 19.4556828 -1.88119102 18.9556408 6.92133808 -8.72684383 17.8732891 11.7925329
s 0 slot 0 300 0.0849298909 -0.284762412 -0.0927880108 -0.189861551 0.23085694 0.275547832 0.181412414 -0.00583691848 -0.0484869033 0.223301545 0.246356517 0.00971762929 0.103496298 -0.142440736 0.193173051 0.0256498065 0.0294827744 -0.176277339 -0.228629231 0.12005192 -0.0568084717 0.188127384 0.191347301 0.0527333282 -0.106932513 -0.229605824 0.124577031 0.167510867 -0.289088041 -0.0199805833 0.187055275 -0.171427533 -0.06554389 -0.251338333 -0.101479568 0.237449661 -0.281914771 -0.281792283 0.286079943 -0.123870447 0.109237425 0.181709141 -0.183604255 0.16904211 -0.244987875 0.250855297 -0.199755669 -0.152168706 0.258591712 0.165226147 0.142866805 -0.212647155 0.152995959 -0.22859782 0.223325804 -0.101485804 -0.236481503 0.148686603 0.0423129536 -0.244215652 0.0630804226 0.27351889 -0.211449638 -0.284352541 -0.256644487 -0.093612209 0.234530434 -0.185342237 0.106625944 -0.07579045 -0.0966130793 -0.130916163 0.260102212 -0.158017963 0.066633597 -0.154429421 -0.0590138398 0.0793675557 0.153185934 -0.145570368 -0.117200486 -0.166469693 0.233683109 0.169636875 -0.0464128219 -0.227144018 0.252737254 0.254387736 0.282426238 0.280921638 0.123224378 0.224293917 0.0974807143 0.276543349 0.0892068222 0.0427711308 0.248618364 -0.0130520817 -0.176799312 -0.293238401 0.290957928 -0.246896744 0.279545218 0.0124464659 0.0581202656 0.0313922577 0.153243124 0.213507533 -0.286977619 0.0676190034 -0.291671872 0.0309690051 0.260414541 -0.0688978285 -0.132545352 0.125376061 -0.154476002 0.168957174 0.204820588 0.262209147 0.0940439403 0.0489521064 -0.252661854 -0.0600600727 0.249988511 0.24124746 -0.153971225 -0.138869092 -0.0715569183 -0.237038881 -0.165603772 0.0160424132 -0.0355582573 -0.272737056 0.241330415 -0.0222553741 -0.0831783116 0.255881101 -0.20129846 -0.124947689 0.00990005117 0.232655361 -0.0359297693 0.231211737 0.237997338 -0.185352892 0.0168760289 0.28952229 0.063924104 0.121309049 -0.0875189975 0.23566407 -0.100107558 0.110879354 0.0423683077 -0.158213004 0.0486734249 0.0191789344 0.00735051278 0.0295003075 -0.22049658 -0.187392473 0.143731251 0.176509783 -0.189611182 0.106254183 -0.0591281131 0.0815611258 -0.0804741234 0.160054475 -0.143505782 -0.235313162 -0.0466736145 0.280741483 -0.224813327 0.155320197 0.124994129 -0.168398976 0.00961756241 -0.028229462 -0.183652073 -0.167707145 0.171693385 0.0393879861 0.179092914 -0.224326983 -0.244153768 0.06522879 -0.234580502 0.128459886 0.112173483 0.0918624625 -0.263693511 -0.272453427 0.0840644985 0.118498631 0.0136570837 0.0229952503 0.0792569146 -0.243178114 -0.0571728721 -0.169613436 -0.239110321 0.228026897 -0.0851352438 0.251078546 0.096298553 0.20599395 -0.00654497603 0.00849877484 0.179333985 -0.211890221 -0.240963608 0.211407498 -0.162855089 -0.0777892396 -0.13303116 0.0193566363 0.10096278 0.0131250257 -0.234623179 0.0708361194 0.29362157 0.21266599 -0.202500522 -0.0645765811 -0.0644159093 -0.263312042 0.0134311831 -0.0348305926 0.0720012859 -0.208828822 0.0851179138 0.250584185 0.269736469 0.204884216 0.102033608 -0.268367857 0.219584242 -0.0511032566 0.283436537 -0.287135929 0.294291288 0.230594993 0.202086866 0.0921897665 0.0966320038 -0.108582385 -0.148050576 -0.225202397 0.185474843 -0.213340968 0.200981066 -0.144638523 0.0980356708 0.1052505 0.0575740635 -0.18376334 0.138781264 0.217567325 0.150914848 0.195047796 0.164528221 0.244341508 -0.28712672 0.134500518 -0.0190564133 0.0163542368 0.129330486 0.283534586 -0.0496966653 -0.250202477 0.0236904323 -0.20712319 -0.132923856 0.0817714706 0.174573407 -0.138557613 -0.0763273835 -0.295308262 -0.0149809672 0.187712267 0.0443224721 0.219586253 0.291405141 -0.189678669 0.165725321 -0.0030540789 0.0387919657 -0.220912978 0.250773579 -0.208292902 -0.144766584 0.0691731125 0.196193725 -0.070750095 0.270736068 0.0343580134 0.100799754 0.0610539727
y 0 slot 0 300 0.123871654 -0.314594179 -0.286769152 -0.729279578 0.830245912 0.329249531 0.223664463 -0.00425112899 -0.0482813977 0.11569804 0.268821806 0.0402040295 0.322541654 -0.117183127 0.631683886 0.117872335 0.060888499 -0.398331285 -1.0466435 0.332416296 -0.106512628 0.757192194 0.204665586 0.201611668 -0.336723566 -1.12843132 0.244004041 0.706105292 -1.09879756 -0.0354140289 0.147884384 -0.477510899 -0.282135665 -0.239975378 -0.172449514 0.279221147 -1.29854488 -0.445838243 0.757985115 -0.261187226 0.0686328411 0.167431235 -0.702593625 0.415699005 -1.11121845 0.609573185 -0.290901959 -0.240741357 0.905797482 0.762890875 0.617553532 -0.813559055 0.458499163 -1.00292647 0.592655838 -0.138412327 -0.416891009 0.309021741 0.111535519 -0.419361353 0.0665192381 0.637753546 -0.874055266 -0.744256079 -0.695413709 -0.415306866 0.300504267 -0.358732909 0.296861589 -0.25938344 -0.313636124 -0.314903498 0.884251297 -0.63180089 0.12968035 -0.326128006 -0.0669410825 0.345735431 0.671268582 -0.310203105 -0.0783843622 -0.71815145 0.13814348 0.836696982 -0.081938386 -1.05209196 1.22589219 0.78308785 1.39117813 1.37045372 0.400114775 0.401260972 0.470886797 0.354842246 0.389767736 0.0242703874 0.920852244 -0.0417892002 -0.228444308 -1.072034 0.95955646 -0.845992148 0.227718771 0.0540510714 0.150217399 0.0939504728 0.41873008 0.830330253 -0.30743587 0.274793357 -0.356276184 0.0968726203 0.763246179 -0.241835207 -0.548355043 0.593445897 -0.164500728 0.718708217 0.279671133 0.432067335 0.0773191601 0.127090082 -0.79723376 -0.221674472 0.703194201 1.18726277 -0.473418444 -0.431454778 -0.0978446528 -0.135683909 -0.221862018 0.0588522069 -0.0759221613 -0.336257249 0.60786128 -0.037876308 -0.106336161 0.287335336 -0.900650263 -0.145113006 0.0362582654 0.827212095 -0.110799238 1.08786356 0.332546115 -0.769624531 0.0684960559 1.02459824 0.0513025932 0.0732586086 -0.192063615 0.223068103 -0.47020033 0.39531514 0.128797472 -0.336716682 0.129852265 0.0379532315 0.0125099681 0.10461922 -0.74357307 -0.545274436 0.116458543 0.191696838 -0.154332876 0.227483571 -0.170366243 0.382613689 -0.29636085 0.0983720049 -0.609399557 -0.916388512 -0.102727026 0.847615957 -0.460725069 0.2542395 0.4999125 -0.774307907 0.0485450476 -0.140246674 -0.185876787 -0.527364254 0.857773781 0.176911473 0.713332415 -0.112297684 -0.495007396 0.105496854 -0.223013073 0.0878482461 0.316576481 0.355365962 -1.06773984 -0.40062201 0.266478866 0.569519818 0.0410472378 0.0173907038 0.270527631 -0.764834404 -0.141535699 -0.561842859 -0.726895392 0.52406466 -0.331551403 1.21172655 0.442316055 0.332807809 -0.028637046 0.0114924405 0.843818665 -0.873540461 -0.529985726 0.497226059 -0.45947805 -0.221091002 -0.261893272 0.020852508 0.496553868 0.0446972363 -0.748442054 0.150658548 0.271264583 0.973644197 -0.79117763 -0.175744131 -0.0341153778 -0.69766432 0.0349373519 -0.141326815 0.0424355753 -0.658971548 0.394741297 0.51867497 0.289173782 0.444855988 0.281203181 -0.401063114 0.478386402 -0.0807703361 1.24629521 -0.81346333 0.331175357 1.12963223 0.311749488 0.21873492 0.260308444 -0.157606229 -0.363176852 -0.348569125 0.390747726 -0.966526449 0.414705336 -0.712762117 0.219770923 0.24650225 0.194242433 -0.321339905 0.571329892 1.07431245 0.438965291 0.781106174 0.321143091 0.306717992 -0.387536168 0.454643697 -0.0374736637 0.0368779004 0.383716077 0.224613085 -0.227776006 -1.21296465 0.118016571 -0.539632678 -0.150936708 0.388328522 0.867134273 -0.510305703 -0.119857706 -1.1031549 -0.0620031059 0.152469516 0.190347567 0.684306502 0.333023965 -0.101145722 0.264954627 -0.00219637435 0.0937862396 -1.05386531 0.77520299 -0.344307154 -0.203177243 0.267266482 0.401668817 -0.221338481 0.241794005 0.159777656 0.413961411 0.194313452
s 1 slot 1 300 -0.10534104 -0.211291671 0.19537957 -0.290480673 -0.27049464 0.219479606 0.104286186 0.254330516 -0.0824565813 0.13518998 -0.234356672 -0.202976346 -0.0176987574 -0.213922843 -0.0776866972 -0.138205558 0.227567986 0.266289026 0.00415893411 0.198175088 0.233754337 -0.166856676 0.122043774 0.238815099 -0.233180612 0.0191162731 -0.185631454 0.216579527 0.0256077796 0.217385426 -0.0675550774 0.00199911813 0.118595839 0.136424303 -0.202538028 -0.0891744643 0.26431188 0.114133961 0.0509622283 -0.0755640864 0.0878823102 0.153120086 -0.202722833 0.196916342 0.277977735 -0.00189385493 0.0333617702 -0.105164789 0.211311951 -0.263285846 0.182483345 -0.260982037 0.171477765 0.253339648 0.114597254 0.162846908 0.0177347548 -0.103702575 -0.109142452 -0.226802066 -0.0801245496 0.172937676 -0.271933138 0.00726408185 -0.242631555 0.198614046 -0.188289523 0.109544694 0.23862204 0.197009519 -0.122946769 0.103515528 0.13763012 -0.185170591 0.0198268592 0.240639299 0.206798106 0.204659134 0.101717174 -0.134794936 -0.118164398 0.28367728 0.0936528891 0.160403073 0.0122032268 -0.198102862 -0.0490592122 0.21978493 -0.155989259 -0.178757071 0.0632389784 0.213640228 -0.292264968 -0.273293704 -0.113827579 0.0449656919 -0.234233648 0.0744488537 -0.163636625 0.248977005 0.224718735 0.143644333 0.280412376 0.086913757 -0.274827719 0.117694236 -0.067039445 0.221357763 0.262596697 0.145078212 0.0654619783 0.0186075531 0.175799534 0.282344371 0.00812240224 -0.255008906 0.29053387 0.0633677915 -0.226941347 -0.10502746 -0.232930943 0.036182005 -0.190802753 -0.0182145704 -0.152696952 0.0184115209 0.00911668874 -0.15925613 -0.217245206 0.137575999 -0.244671956 0.0629310012 -0.196084723 -0.190083385 0.231182352 -0.13883318 0.0673159957 -0.0041186153 0.169352129 0.217783749 0.0976551399 0.123631001 0.0681823045 -0.0159353651 -0.19483538 -0.0957481489 -0.225497678 -0.0790280178 -0.202559173 -0.0198497251 0.0833097696 0.214668527 -0.0812189803 -0.175303519 0.227424443 0.00894221198 0.0429702587 -0.258313149 -0.127039194 -0.133638933 0.00797753315 0.115639634 0.223210543 0.180236176 0.155197725 -0.084508419 0.13127239 -0.136202365 -0.165630057 -0.279160917 -0.00485784886 -0.0558058657 0.186054379 -0.2769472 0.0845240504 -0.216814935 -0.268445581 0.062037874 -0.116355777 -0.0492481999 0.264141679 0.285143793 -0.0588850975 -0.19270137 0.266016901 0.196418256 -0.177216709 -0.229644954 0.0894772112 -0.113189973 0.0817723274 -0.0573155805 0.297277421 -0.137993708 -0.133101836 0.0136829074 0.138913795 -0.0822399259 0.248547629 0.030508589 -0.123410732 -0.10160017 0.149602622 -0.0353498571 0.0946126506 0.195786268 -0.191561818 0.0177013129 -0.0193459317 0.255868524 -0.026155144 0.0537165701 0.129488289 -0.180776 0.22333692 0.161548242 0.126145661 -0.106415167 0.141619265 0.261775494 0.160092339 0.20960471 -0.234829292 0.00583178084 0.0283642299 -0.262332261 -0.0475194491 -0.0256503411 -0.215336651 -0.102951489 -0.232616752 -0.114570521 -0.225371227 -0.155065909 0.273822129 -0.11182788 -0.118288465 0.136987641 0.185490236 0.284508765 0.077510111 -0.109771952 -0.249318123 0.181946099 -0.150656611 0.288245887 -0.00170181191 0.0314978175 -0.268202454 -0.228502706 0.182078436 0.252543956 0.0923324525 0.107668921 0.113561578 0.0438319556 -0.175150022 -0.0618432313 0.13818723 -0.0334118754 0.218307912 0.247096092 -0.279025376 -0.183127657 0.142846465 -0.228616565 0.149869218 0.166337684 -0.146769121 -0.0669749081 0.057287503 -0.273750126 -0.0951484665 -0.192261606 -0.0752077624 0.0670588911 -0.24572064 0.236602291 -0.216319799 0.29370597 -0.117941506 -0.0123121645 0.236657932 -0.142833039 0.0262241233 -0.249726444 0.201187029 0.253663093 -0.0761038661 0.0795072913 -0.0601411425 -0.0837558359 -0.279859394 0.217260957 -0.282938898 -0.199904665 0.267662942 -0.0824533924 -0.094859004 0.0255916733
y 1 slot 1 300 -0.152903959 -0.235783845 0.594539642 -1.11760008 -0.973319411 0.259496808 0.121333234 0.177519351 -0.0868704915 0.0741197765 -0.253581256 -0.828265727 -0.0558159463 -0.180039421 -0.255589426 -0.635565937 0.467236936 0.602057159 0.0146308187 0.553323448 0.438243955 -0.670057535 0.131210014 0.912901163 -0.735970318 0.0909321159 -0.360003471 0.913694441 0.0985472426 0.39643544 -0.0504149832 0.00875925831 0.508543789 0.132141307 -0.34287852 -0.100273795 1.22319567 0.184283391 0.129029125 -0.165672511 0.0576601513 0.139408737 -0.774261355 0.481738687 1.258847 -0.00479116291 0.0509680286 -0.160650611 0.740856111 -1.20655167 0.782937229 -0.999640644 0.519992888 1.11377859 0.307913154 0.229289785 0.0281359572 -0.22149381 -0.280598044 -0.391759515 -0.0886820406 0.397542804 -1.12681365 0.0189301856 -0.655721605 0.880829751 -0.236709937 0.215292037 0.662909091 0.676585615 -0.39801079 0.251662403 0.470214248 -0.73638469 0.0455413982 0.502510428 0.242203966 0.889522076 0.450579911 -0.286795229 -0.0814077929 1.22466636 0.0557002835 0.790755391 0.0255048089 -0.923065841 -0.23836565 0.671096921 -0.767927349 -0.868853807 0.205985442 0.383482099 -1.42033291 -0.35739097 -0.502930224 0.0281117316 -0.865061104 0.234025285 -0.206157729 0.913530171 0.736658216 0.486336738 0.22949487 0.375370324 -0.710741162 0.354203552 -0.183093458 0.864422917 0.272835076 0.587966204 0.0768539906 0.0601275228 0.521938741 0.989691019 0.0385612249 -1.20987332 0.309394568 0.265882134 -0.315568358 -0.174137577 -0.187133968 0.0980992839 -0.605440438 -0.0604957156 -0.434173554 0.0953144282 0.0285423454 -0.496442348 -0.29660663 0.0750293508 -0.330249965 0.229780912 -0.418139905 -0.235592932 0.583229184 -0.236575499 0.0926084369 -0.00253913412 0.753142893 0.242321655 0.352787077 0.438022435 0.214500636 -0.0722108409 -0.272687495 -0.398690432 -0.928550601 -0.288224071 -0.164355785 -0.00410500169 0.180367291 0.206775591 -0.378319383 -0.630781829 0.691871583 0.0220229346 0.110689819 -0.498969942 -0.209677935 -0.48342669 0.0282349996 0.340193301 0.177560702 0.189013362 0.131864667 -0.183674455 0.377307951 -0.638105273 -0.613022149 -0.170492306 -0.0146418065 -0.224636838 0.414559245 -0.834223628 0.176458493 -0.350616217 -1.07331026 0.291017383 -0.567448318 -0.242311031 0.262744874 0.903030574 -0.294079959 -0.865850747 1.05977952 0.101807214 -0.359759331 -0.378588378 0.0908278301 -0.069528915 0.233412594 -0.226310953 1.20498753 -0.204520091 -0.41849336 0.066583246 0.413931251 -0.0543155335 0.850780785 0.0988287032 -0.309141576 -0.33855018 0.452192396 -0.0890471265 0.370748699 0.94246006 -0.878645241 0.0269318912 -0.0813413635 0.342559934 -0.123281896 0.226524442 0.280902058 -0.426156223 0.636351407 0.468395978 0.24412328 -0.117147557 0.694120049 0.880660832 0.507866502 0.443932414 -0.220010221 0.0299906582 0.112453394 -0.715109766 -0.0277819131 -0.072060056 -0.536466062 -0.417406887 -0.130071059 -0.363036424 -1.04893434 -0.320580065 0.29756704 -0.24547331 -0.326599091 0.212337986 0.40650183 0.455452085 0.3450647 -0.31366995 -0.272781491 0.892291546 -0.226685688 0.685270727 -0.00801755767 0.0520221069 -0.661066234 -0.359644473 0.378168464 1.13645661 0.18554908 0.529036701 0.254559159 0.105285533 -0.59545666 -0.10734006 0.570906699 -0.156449541 0.631026626 0.987830997 -0.547538698 -0.230832964 0.200486794 -0.783922434 0.28707695 0.368663937 -0.433835685 -0.0557690077 0.270290136 -1.32820034 -0.471698374 -0.503753603 -0.0828233734 0.319578022 -1.22048569 0.870946229 -0.340403795 1.09066534 -0.488764673 -0.00450291159 1.01745594 -0.447180837 0.0231590774 -0.12766844 0.321851224 0.205164567 -0.188577533 0.383105993 -0.186926559 -0.138303027 -0.390416265 0.841294169 -0.569263101 -0.623552322 0.239209011 -0.383945763 -0.387508422 0.0796131194
s 2 slot 2 300 -0.256913632 -0.0907243341 -0.188173503 -0.0755679682 0.0117954919 0.128852352 -0.0692520589 -0.148461372 -0.216768891 -0.0215241872 0.241621882 0.140640125 0.128924668 0.00993457995 0.21552904 -0.172015533 0.248087436 -0.0354590714 0.22961767 0.218276143 0.259446979 0.224360377 0.0698119104 0.215106502 -0.0327107385 -0.132251263 -0.183155939 0.0145444674 0.134368211 0.273542345 -0.0852851123 0.281723499 -0.134454861 -0.177186191 -0.118058249 0.220119104 -0.23131226 -0.128528297 0.217205212 -0.217926905 0.293356508 -0.139388666 0.26330331 -0.168927774 0.292074651 0.144340113 -0.236416996 -0.238130793 -0.222360224 0.117184311 -0.189603046 0.180485427 -0.126499802 -0.146628559 0.247315958 0.0514600091 -0.14864704 -0.130804777 -0.157069921 0.173247442 -0.025372874 0.186889708 -0.298366725 0.104384236 0.00585611677 0.247651085 0.185537264 0.0198203437 0.0424744375 0.0405496471 -0.22482495 -0.0954314098 -0.0761808082 -0.0818416402 0.0794221163 0.283836752 0.14926967 0.0975786746 -0.170323327 0.219840154 0.150266916 0.0259291008 -0.0804716796 0.113531128 -0.00143281627 -0.00651310757 -0.199273035 -0.0157778151 -0.183620512 0.00259267609 0.216462418 0.0818523839 0.159110218 -0.056735348 -0.0125147887 0.291443586 0.227805376 0.0901954696 0.216056705 0.115830474 0.167236343 -0.217718318 -0.193288594 0.0654363558 -0.174242511 0.149585947 -0.285241455 0.205411032 -0.288812846 0.0231392346 -0.298502862 -0.0518771969 -0.218996242 0.236529633 -0.22028394 0.130358949 -0.157760724 0.181223735 0.19863382 0.00359127042 0.0362605192 0.00491289329 0.18167679 0.0460537225 0.0670371205 -0.229877219 -0.0500564277 0.163341597 0.109753139 0.0947628319 0.0933698937 0.0752241537 0.286933094 0.242936015 -0.285125315 -0.083709687 0.109842457 0.262844354 0.045244839 0.0401685089 -0.0150601864 -0.147128433 0.213607311 0.106660604 0.283501208 -0.138034135 -0.117688656 -0.00216927263 -0.140480056 -0.179798096 0.146680936 0.0241079107 -0.0991416499 0.283991337 -0.097175777 -0.057736624 0.150531232 -0.122742623 0.0929386839 -0.20823893 0.149175093 0.199873641 0.0645557344 0.228203028 0.184599638 -0.0127369473 -0.0816965029 -0.134669021 -0.148072183 0.226512522 -0.18991226 0.135993809 0.0548795573 -0.203619406 0.00953538623 -0.266136914 -0.277038008 -0.0104311509 0.048322279 0.0160924159 -0.24339731 -0.2804254 -0.263837636 0.231516212 -0.0105628045 0.221186399 0.124527022 -0.0234472062 -0.02089471 0.177903131 -0.15874961 0.229028285 -0.193224847 0.020667946 0.00252460409 -0.179098308 0.217416331 0.259032786 0.202995762 0.270608336 -0.0708656535 -0.0146071222 -0.073650144 0.203600958 0.0808026269 -0.161312878 -0.0761140138 0.202550575 0.181870863 0.112851791 -0.219217032 0.18199721 0.0804740265 -0.196733356 0.280247211 0.175012395 -0.0734331459 -0.288811088 0.079169862 -0.237068042 0.248624489 0.0859915167 0.250807881 0.269060075 0.0892195031 0.00413160911 0.0124860695 0.12981002 -0.293876559 0.281217128 0.189094916 0.242862433 0.236020118 -0.289544851 -0.266794503 0.0979883894 -0.138558894 -0.190128669 0.0419985056 0.152284011 0.0112592764 -0.115225524 0.0431820527 -0.256648004 -0.258424699 0.116163753 0.10170348 0.109343387 -0.02285951 0.200807199 -0.0463003032 -0.237082332 -0.0927352235 -0.217461005 -0.0142239938 0.277025551 -0.26810804 0.251129419 0.100001 -0.0861755386 0.0910400152 0.127084956 -0.0435714833 -0.203371793 -0.0226278305 -0.0278431736 0.0369637087 0.139565572 0.0208768565 0.0112074949 -0.267351478 -0.0261390097 0.0719399825 -0.157546401 -0.097734116 0.243632227 0.179424807 -0.0503736623 -0.131187275 -0.0255386159 0.0902779624 -0.262883812 -0.108870655 0.180294275 0.152507588 -0.162065253 0.183928072 0.23868987 0.0201486461 0.106220923 0.033019729 0.0727555528 -0.0674344525 -0.0915198848 -0.0589637868 0.128715947 -0.0208478365 -0.249517992 -0.143820286 0.218067795
y 2 slot 2 300 -0.375545025 -0.101361968 -0.578848064 -0.287439406 0.0421549268 0.157075509 -0.0853242129 -0.104805246 -0.209176883 -0.0129975248 0.262300223 0.575019658 0.404960185 0.00768715981 0.706631362 -0.793956161 0.504665792 -0.0795757473 1.05079353 0.601423979 0.481855124 0.89977473 0.0730477422 0.824439466 -0.104072057 -0.651509225 -0.355729252 0.0580023825 0.509582162 0.496429563 -0.0693373531 0.783101439 -0.575131893 -0.16947785 -0.201962277 0.256532758 -1.06851542 -0.204818815 0.57729876 -0.456425697 0.182534918 -0.130968332 1.00357783 -0.412445545 1.32101333 0.351220042 -0.344293147 -0.380390644 -0.77790159 0.539931774 -0.820734739 0.693118274 -0.379519343 -0.643644631 0.653221488 0.068317011 -0.258885354 -0.272546828 -0.409866929 0.296322525 -0.0278694909 0.437939107 -1.2316221 0.269420683 0.0146675427 1.09598565 0.236652017 0.0362117924 0.118785106 0.136549935 -0.732154608 -0.22744523 -0.25990513 -0.329821795 0.151723191 0.597292423 0.169856682 0.428880036 -0.744171143 0.46401149 0.100008115 0.115715183 -0.0488663204 0.559584856 -0.00441432046 -0.0298374668 -0.9654935 -0.0486409143 -0.904231489 0.010393641 0.705213487 0.14307718 0.771326363 -0.0741074756 -0.0530605242 0.161391109 0.844899058 0.282944292 0.281028241 0.425482929 0.551957726 -0.744408488 -0.159291372 0.282073498 -0.45281589 0.441101134 -0.779951096 0.796882331 -0.306607068 0.0927981138 -0.363281071 -0.164717034 -0.642057478 0.83163482 -0.912866056 0.619045138 -0.166013613 0.772686779 0.271273077 0.00287705869 0.0266945306 0.012274853 0.5718835 0.170355797 0.189844966 -1.12969637 -0.15211378 0.508281708 0.15040271 0.0532247312 0.123416469 0.281110942 0.601014078 0.29772231 -0.716198385 -0.146701276 0.140874162 0.293457717 0.200822815 0.0474119112 -0.0532937236 -0.523823977 0.659156084 0.503468633 0.397963166 -0.570026398 -0.483721107 -0.00740416907 -0.110785939 -0.107262224 0.322903156 0.022088157 -0.465486735 1.01498747 -0.296622455 -0.123046316 0.406035066 -0.24022685 0.15179348 -0.746327877 0.501744688 0.584156573 0.0531485267 0.250569314 0.148400843 -0.0269081332 -0.233818412 -0.630925059 -0.543473303 0.137766555 -0.80937618 0.530170798 0.118375927 -0.614882767 0.0163751543 -0.437024027 -1.11031675 -0.0471584611 0.238444507 0.0806272551 -0.243660316 -0.883024096 -1.31891811 1.04175091 -0.0416579954 0.108534865 0.251076788 -0.0396697335 -0.0197848994 0.117949121 -0.450496346 0.890095472 -0.784941137 0.033967413 0.00811000355 -0.85984081 0.638862073 0.185428306 0.689315379 0.852149487 -0.171841547 -0.0508223586 -0.223789319 0.470952779 0.316685736 -0.780648053 -0.351817846 0.327718616 0.836712956 0.154907957 -1.03150308 0.751521826 0.175934583 -0.460114092 0.79055202 0.499180764 -0.145185828 -0.316079944 0.390139222 -0.793631136 0.794627547 0.186235577 0.23396112 1.22853649 0.348282307 0.0141774844 0.00521264505 0.344981909 -0.739371896 1.14924169 0.108481005 0.767609179 1.09530914 -0.59744525 -0.287184358 0.215801209 -0.381495178 -0.285164446 0.0900473371 0.241883889 0.0482398756 -0.326985776 0.0468672663 -1.25581801 -0.400285572 0.27398327 0.276252002 0.157816112 -0.055204954 0.31135729 -0.0958553329 -1.07298052 -0.190363795 -1.07367897 -0.0338668935 0.646003366 -0.907942533 0.443192601 0.410631925 -0.425394088 0.267878741 0.509060681 -0.0822175741 -0.255250752 -0.0305241775 -0.0936495736 0.0708559677 0.302303016 0.0647410452 0.00807775743 -1.23188436 -0.125556558 0.357832968 -0.409372181 -0.111122727 1.15500748 0.894492924 -0.182737693 -0.205858469 -0.0948064998 0.375303388 -0.214581937 -0.469707727 0.564535916 0.176792488 -0.0892456248 0.295573354 0.197150603 0.0519253798 0.508111358 0.0988887474 0.121560216 -0.0969635621 -0.354077578 -0.121149845 0.403915197 -0.0202714019 -1.1563226 -0.590230882 0.696731865
s 3 slot 3 300 -0.283778995 0.218281031 0.191132352 0.259293616 -0.277541816 -0.290116489 -0.146982327 -0.134015143 0.0202320945 0.14227365 -0.164087281 0.175135568 0.13615638 -0.191864446 0.210057601 0.0217143875 0.0152138481 0.245851934 -0.0121591464 0.0955178216 -0.220478922 -0.262139916 0.168205172 -0.0433643386 -0.257418364 0.205094486 0.0876385942 0.00897829514 -0.0941706374 0.191665068 -0.0471010357 0.123257682 0.131267682 0.277698755 0.158459917 0.0168166682 -0.172648981 0.0165469497 -0.145007014 0.0257973466 0.153087378 0.271725893 -0.0579569414 -0.00462134322 0.111822747 -0.251436263 -0.110482104 -0.244050071 -0.246934414 0.277134418 0.0623477064 -0.198135629 0.287892342 0.0674901977 0.0541228093 0.139827028 0.0123524182 0.0390470885 -0.073714897 0.150170654 -0.222260684 -0.107470818 -0.055416584 0.0941716433 0.222396657 0.0377240106 0.0736507922 -0.113807559 0.0987280682 -0.205869004 0.258966416 -0.0228155032 -0.13776888 0.191432893 -0.288739532 -0.172596499 0.0667513907 0.0998612791 0.087479569 -0.118431233 -0.27699247 0.181146696 -0.0299502332 0.267171383 -0.124847822 0.237027317 0.174484178 0.183282033 -0.233456999 0.182388127 -0.0857105032 0.0821801722 -0.114452235 0.26685673 0.17739822 0.0928424001 0.0923958719 -0.15938206 -0.0858296305 -0.0818103626 0.00537725026 0.225055978 0.290952235 -0.2564466 -0.25095287 0.148611203 0.111590259 -0.27998215 0.184218898 -0.299939185 0.147828683 -0.080130741 -0.186491102 -0.225169539 0.152394712 -0.257240355 -0.0815428719 -0.0914900973 0.0971798599 -0.0669871643 0.245563656 -0.177293509 0.0932564884 0.173509166 -0.136540607 -0.246171802 0.0817442015 -0.157427803 0.107096314 -0.153264999 0.199716359 -0.236485526 -0.0123008853 -0.230517805 -0.286855191 0.128865212 -0.0974237844 -0.0321064256 -0.268140316 0.0709459186 -0.204547256 0.0599184521 -0.256551623 -0.197773203 -0.136059493 -0.137469679 -0.0485020205 0.253946722 -0.00810081977 -0.284062535 0.154029444 -0.273681611 -0.226401359 -0.0584543832 -0.020379182 -0.295134723 0.11795973 -0.0235334542 -0.179337144 -0.0671160743 -0.0671346337 0.260950625 -0.24504973 -0.226369098 0.0718041807 0.141970381 -0.120994277 -0.29871434 -0.218950495 -0.21715878 -0.145239532 0.0616004989 0.20634295 -0.190619454 -0.0869215652 0.0277423542 0.289873064 -0.216213137 0.11378067 -0.158490628 0.197214529 0.116624117 -0.162060395 -0.0264227446 -0.0475082025 0.216469973 0.209758773 0.26923877 -0.187735692 0.0969442427 -0.0687542632 -0.0436280891 -0.272509694 0.154495791 -0.100742996 0.117601223 -0.0203934759 0.163293585 0.244152158 -0.022883933 0.224717125 -0.0228878073 0.228035212 -0.197834209 0.285337955 -0.0545654222 -0.17290023 0.0863813236 0.0685739741 -0.232935354 -0.21400398 -0.246924177 -0.149680585 -0.192703217 -0.192442462 -0.0624963865 0.16613172 -0.260419518 0.145446762 -0.199667126 -0.24401401 0.19920668 0.131109148 -0.202460214 -0.154186293 0.0612208955 -0.258033484 0.0465216786 -0.198350087 0.0825292245 -0.140726477 0.04859896 0.0316194259 0.250924796 0.0981460288 0.291276693 0.284392267 0.0755210146 0.171165481 0.153466851 0.0698843151 -0.153590828 0.16445516 0.0560542084 -0.255449444 -0.198849335 -0.241718024 -0.129263714 0.0941936374 -0.192473009 -0.164085209 0.0967440233 0.237044781 0.144719109 -0.217372686 -0.0594434254 -0.166030005 0.171638668 -0.233219251 0.296477795 0.183526576 0.067890279 -0.101275362 0.143963292 0.172978252 0.0670768544 -0.190415427 -0.178032503 0.230291963 0.0603656098 0.288979113 0.229246527 -0.276566446 -0.0255401395 -0.17488873 0.190502644 0.264368266 -0.100934543 -0.176347345 -0.0342949219 0.0605537817 -0.183443174 0.0949700028 0.0115390215 0.0477891564 0.122185983 0.0697073191 -0.0135494974 0.107656337 -0.00428924151 0.0575908609 -0.00141010608 0.0724222809 -0.0881568268 -0.292398572 0.270709157 0.129251257 0.267484576 -0.143233106 -0.0458351597
y 3 slot 3 300 -0.416537255 0.237572163 0.589543104 1.00358117 -0.998913407 -0.338451475 -0.178963825 -0.0961785764 0.0218724161 0.0670892149 -0.182159349 0.71478045 0.433338046 -0.156016245 0.691884518 0.0931058452 0.0307154041 0.557162762 -0.0533938073 0.260435849 -0.423032373 -1.06405199 0.175386652 -0.166247681 -0.811445594 1.00256515 0.176021457 0.0287754219 -0.361488819 0.350060612 -0.0433979854 0.336584926 0.574703276 0.264981031 0.266666204 0.0143981753 -0.80327481 0.022247415 -0.38102001 0.057319086 0.0940507352 0.246221498 -0.232703775 -0.00193331717 0.498804301 -0.609651506 -0.160027474 -0.394311666 -0.862823784 1.27537692 0.27406773 -0.750706196 0.854127765 0.295528263 0.13610521 0.184457108 0.0303200278 0.0831545293 -0.192109793 0.256162822 -0.238461107 -0.245982632 -0.226001233 0.23647815 0.599187315 0.161233366 0.0919920579 -0.227110267 0.276773304 -0.711725175 0.834686697 -0.0484874584 -0.47149995 0.759455025 -0.560727954 -0.363820165 0.0714511722 0.445417047 0.383713871 -0.262933552 -0.182586849 0.792077005 -0.0212336592 1.31681228 -0.227898732 1.0987078 0.849287748 0.566615403 -1.14946735 0.882797897 -0.26973784 0.137669906 -0.549981117 0.341896832 0.782302618 0.0556168668 0.346002162 -0.510267437 -0.112331122 -0.295140326 0.0183516014 0.773307145 0.231603757 -1.09574163 -0.654818296 0.433883041 0.303562611 -1.092031 0.201942563 -1.22582364 0.183074683 -0.258022845 -0.550990403 -0.785434723 0.630943954 -1.21316397 -0.0811302438 -0.385906965 0.131656826 -0.118526675 0.192102432 -0.458932042 0.292818546 0.641022503 -0.380692869 -1.20975995 0.256448925 -0.485231996 0.146480143 -0.0885177031 0.264113575 -0.883846402 -0.0218613595 -0.287315845 -0.718265712 0.218529493 -0.12960428 -0.0402036533 -1.20151711 0.0866114721 -0.729265332 0.212290019 -0.801650167 -0.92522639 -0.184814885 -0.5620839 -0.200572923 0.902620077 -0.000287164468 -0.172064155 0.34205538 -0.260777444 -1.06338906 -0.207222104 -0.0653539523 -0.629737973 0.323234975 -0.0502914637 -0.309696585 -0.240894437 -0.230540618 0.764365852 -0.197941884 -0.24453637 0.0506571792 0.306179106 -0.344259411 -1.39933145 -0.802681506 -0.137190536 -0.623114407 0.244909227 0.447458297 -0.576565087 -0.187525526 0.0383815281 1.15366793 -0.994419098 0.560392976 -0.79184562 0.204891026 0.367596567 -0.811697364 -0.112377279 -0.188181818 0.101086743 0.421767592 0.436253935 -0.180021405 0.0584056526 -0.202388942 -0.161328927 -1.11052871 0.237169638 -0.318931371 0.566408873 -0.0654204264 0.115621105 0.827115178 -0.0716100112 0.560429335 -0.0819431022 0.693172932 -0.449406236 1.11664975 -0.26733166 -0.800395191 0.14046526 0.312104762 -0.303474218 -1.00688469 -1.0192101 -0.330162197 -0.446037263 -0.549502075 -0.182900786 0.32395938 -0.286328048 0.717675507 -0.666474998 -0.772338092 0.433163673 0.127061144 -0.934632063 -0.604124844 0.174776673 -0.136379063 0.1277996 -0.499675304 0.342873812 -0.0845038146 0.157638013 0.145345241 0.523580134 0.0985841677 0.641226947 0.785320878 0.11166615 0.36827606 0.242492586 0.30279687 -0.436343074 0.178760484 0.277108669 -0.401325732 -0.473961264 -0.647166669 -0.195414171 0.233486101 -0.290527165 -0.339968503 0.438200623 0.495299637 0.705453575 -0.492985427 -0.144154996 -0.562945485 0.30953759 -0.961896539 1.4585669 0.542878628 0.272028178 -0.189484343 0.181439206 0.233177841 0.231509998 -0.369401664 -0.391636521 0.689963996 0.0462730564 1.33189738 1.11459529 -1.374138 -0.0640908182 -0.19919166 0.899615705 1.32232809 -0.364048153 -0.277179897 -0.125460684 0.257851034 -0.155539393 0.398810446 0.0432182327 0.0613071024 0.0598624833 0.116093256 -0.000507494493 0.270391822 -0.0185316373 0.169569567 0.000983377104 0.0955314264 -0.344357789 -0.600452542 0.848456979 0.111060053 1.25181234 -0.588334322 -0.140577406
s 4 slot 4 300 0.233992055 -0.146825165 -0.199415773 0.104555905 -0.0133172674 0.274377346 -0.125934735 -0.0517586805 0.214519188 -0.17653276 -0.297028095 0.0413216613 0.00171619281 -0.119406611 0.191587448 0.241933957 0.163411573 0.0217513628 -0.262824953 0.037420623 0.172911942 0.285992622 0.082362771 -0.153800294 0.14888677 0.216311783 0.217117026 0.00318094227 -0.191756517 0.160849258 0.0998878777 -0.230759069 0.0110282861 -0.0569887981 0.00842403807 -0.0018908066 -0.0902420655 0.290534526 0.0545060337 0.0839865804 -0.243053481 0.0953264162 -0.0255802535 -0.139971852 0.147656724 -0.289263666 0.123807922 -0.182740524 0.0832457021 -0.227184877 -0.257036179 -0.191487908 -0.0360403173 -0.17042619 0.153287649 -0.0676827729 0.0159100108 -0.228882849 -0.214415655 0.114224337 0.271325052 -0.297474235 -0.272256255 0.0455242321 0.210498363 0.0708534643 0.237269536 0.0963653326 0.0354518257 -0.126022145 -0.138365045 0.267991781 -0.0599306822 0.0439039916 -0.102293454 -0.276637226 -0.0792035684 -0.0291043129 -0.193847105 0.280559242 -0.0523318611 0.115305416 0.131853282 -0.242474467 0.239497945 0.0648679361 0.0518313497 -0.230064318 0.120480731 -0.0657511428 0.262160391 -0.0231008157 0.135122001 -0.0120773194 -0.0369083583 -0.0769287646 0.244130135 0.116926134 -0.105972223 -0.205024451 0.120841771 -0.092835784 0.2699458 -0.0141784735 -0.183454216 0.0585650168 0.240241244 -0.239626646 -0.0315051973 -0.156546518 -0.189145401 0.177703291 0.0706313774 0.105348818 -0.0949832201 -0.250755548 0.0480812751 0.0390608013 -0.0469485037 0.063510485 -0.127133623 0.200790673 0.0877007544 0.0022648708 -0.139145315 0.0166253336 -0.258945495 0.0622946881 -0.079225041 -0.246802911 -0.187784553 0.290179163 0.0781925768 -0.200961515 -0.112709612 -0.137144357 0.29297173 -0.017658893 -0.0157821681 -0.0282662455 0.196913823 0.075242959 -0.11010164 0.17593734 -0.0990084037 -0.159218997 0.0193226933 0.16514346 -0.00255549955 -0.26660338 -0.247334391 -0.101777591 -0.0557463095 0.271794319 -0.236310348 0.0387651958 0.00412624935 0.0851721764 -0.130520016 -0.147673264 -0.170238793 -0.243025273 -0.103410795 -0.100783065 0.216991454 -0.269993246 -0.186389059 -0.230384126 0.14789176 -0.238670334 0.238507986 0.178735346 0.299756587 -0.0526529253 0.167270169 -0.227363124 0.14360173 -0.298506021 0.286530524 -0.106808692 0.188027322 -0.0644887388 0.0129789431 0.187787041 -0.0138295395 0.0761028007 -0.166341856 0.0374670774 0.180883721 0.245654911 -0.0654826611 -0.281324893 0.173300877 -0.287275761 0.288969547 0.215217084 -0.072209008 0.0490186177 -0.209537089 -0.126418054 0.0108105075 0.00538108591 -0.29697758 0.0248064138 0.243380755 0.262507319 -0.190406799 -0.0605471544 -0.245232388 0.200020924 0.110612802 -0.0410551056 0.1006964 0.135964513 0.149977863 -0.149062857 0.256733507 0.26344046 -0.287182897 -0.0561111569 -0.224918425 -0.151355937 -0.275789976 -0.200765997 0.267041355 0.254986078 -0.101598129 -0.293704361 -0.299617946 0.281743646 0.283412367 0.276851594 0.0103457896 -0.172244608 0.08483015 -0.249342605 0.146520048 -0.212012887 0.245457575 -0.0301003903 -0.254030794 0.058660347 0.220238388 0.0198577009 -0.222515851 -0.126678392 0.250575334 0.0146571612 0.0899304003 0.0721001849 -0.264406294 0.244975418 -0.267456293 -0.0959632397 -0.0693027079 -0.274262249 -0.197476476 -0.0591571704 -0.0724464804 -0.136731282 -0.200764477 -0.214412615 0.11676468 0.209947303 0.0405506156 0.248718053 -0.268536806 -0.141392171 0.188971907 0.130590022 0.165635481 0.0251438115 -0.223133624 0.160258189 0.177219853 -0.279434681 -0.280121088 -0.0305894092 -0.133505031 0.223670363 0.0951113179 -0.0678889602 0.0107252542 -0.223311335 0.0952259526 -0.116845898 0.230384931 0.147539496 -0.0840122551 0.153201565 0.280376285 -0.185545936 0.123824298 -0.107643351 -0.0271226894 -0.0526615418 0.0486917645 0.199050814 -0.140353367 -0.0738495588
y 4 slot 4 300 0.342649519 -0.159064829 -0.612347305 0.397353917 -0.0473754741 0.323918581 -0.155938864 -0.0345996581 0.208163202 -0.0885468572 -0.322342008 0.169527888 -8.25937459e-05 -0.0954400375 0.624177337 1.11723137 0.330903143 0.0481845476 -1.20217764 0.102886193 0.3297728 1.15609229 0.0906606242 -0.588777423 0.470534444 1.06621087 0.420267761 0.0188145731 -0.727173567 0.288104087 0.0816884935 -0.640056014 0.0420306921 -0.0547027104 0.0156228477 -0.000327954098 -0.412894398 0.461614251 0.144303098 0.176464319 -0.151556835 0.0919800103 -0.0916356519 -0.349336296 0.674856126 -0.703657746 0.179180384 -0.288699329 0.290067822 -1.04810512 -1.11367536 -0.73670733 -0.106472388 -0.748173177 0.40956676 -0.0901196748 0.0237592347 -0.476684868 -0.562032878 0.197569266 0.291222662 -0.695951045 -1.12519419 0.125194028 0.572244763 0.317897975 0.303305447 0.18980585 0.0987760723 -0.428101599 -0.445862055 0.641285241 -0.202394977 0.178443089 -0.196359441 -0.581024826 -0.089272216 -0.132268563 -0.850370765 0.60384506 -0.0345975943 0.491351008 0.0800299346 -1.19526577 0.428333193 0.300842851 0.249715835 -0.708196759 0.593042135 -0.317493021 0.844959319 -0.0359864086 0.65337044 -0.0127555635 -0.163586184 -0.0461631902 0.900615275 0.374083012 -0.139327615 -0.753431439 0.400296301 -0.317922354 0.222740248 -0.0638820902 -0.471191913 0.175371975 0.657292306 -0.92984885 -0.0346333124 -0.634909868 -0.231441051 0.55900532 0.207512513 0.367132396 -0.394818366 -1.18991029 0.0477783345 0.165333927 -0.0619461052 0.10997203 -0.0996873751 0.517122686 0.278396368 0.0082045719 -0.392813563 0.0797957256 -0.799829125 0.191875264 -0.108762331 -0.138691008 -0.247939467 1.08666623 0.163733199 -0.24482511 -0.286454022 -0.236163974 0.378816932 -0.0179039165 -0.0674884245 -0.0330497697 0.700640202 0.268740743 -0.337676138 0.823503792 -0.141382948 -0.666169167 0.0813082755 0.58640182 -0.00541118626 -0.157779947 -0.544028461 -0.095724307 -0.264766663 0.971546948 -0.716437697 0.0820094272 0.00842063967 0.167319283 -0.212781072 -0.526972413 -0.572113574 -0.711631 -0.08427497 -0.109810635 0.180888236 -0.579413652 -0.539274991 -1.0813328 0.543906629 -0.144531235 1.01593876 0.694106996 0.66670543 -0.158668488 0.347747833 -0.368279248 0.577857435 -1.37704384 1.40944552 -0.534632504 0.187256575 -0.204778224 0.0660415515 0.839510858 -0.0558233112 0.0419456176 -0.334859014 0.0642121509 0.171511769 0.167800367 -0.1802845 -1.09363747 0.705683827 -0.428013504 0.91349262 1.03281629 -0.21094121 0.0344824642 -0.7124542 -0.399066567 0.0236098878 0.0223911311 -0.90173465 0.0556182675 0.94632107 1.27097368 -0.870988727 -0.0978480205 -1.12943888 0.263204783 0.520486712 -0.170943514 0.223141074 0.315686643 0.42572841 -0.425566167 0.50629729 0.289136052 -1.41406441 -0.190966144 -0.719805121 -0.326965988 -0.257814616 -0.914824605 1.04412639 0.689521313 -0.0499573722 -0.778915703 -0.75555855 1.14418912 0.16435878 0.871216476 0.0497056097 -0.359169126 0.0930342674 -0.546062827 0.403236777 -0.319172263 0.53600198 -0.0477613285 -1.11507249 0.167951286 0.248215497 0.0952584147 -0.338932097 -0.298790872 0.674234807 0.0235149357 0.21974352 0.109674774 -0.560725391 1.11005378 -0.554522991 -0.467766821 -0.152238175 -0.638958335 -0.666781247 -0.109397493 -0.297259659 -0.674830198 -0.588352561 -0.858435452 0.223761991 0.26355657 0.0534086972 0.843974054 -0.517801881 -0.306848258 0.55502218 0.105571061 0.761570871 0.120214172 -1.10971296 0.416677088 0.200996831 -1.32409942 -1.39677489 -0.117245995 -0.207348272 0.834931195 0.38822642 -0.0520027094 0.0502705239 -0.699920535 0.107460275 -0.0616589934 0.364890426 0.113142729 -0.208380252 0.729082048 0.872766554 -0.308936119 0.177047431 -0.41326654 -0.0553238951 -0.165718749 0.0462242477 0.919849336 -0.576108873 -0.238056451
s 5 slot 5 300 -0.0230081901 -0.12052951 0.282872677 -0.244429305 0.27475661 -0.188922688 0.275006086 0.0171154868 -0.082744725 0.171922207 0.197561845 0.00989696942 -0.202656269 0.290322661 -0.123590678 -0.206202582 -0.282985598 -0.0492066965 0.266726643 -0.235186622 -0.170646101 0.247534484 -0.168417647 -0.0850033686 -0.0112949405 -0.00721989479 0.119790345 0.0579246953 0.278492093 0.0984794199 0.106984369 0.239383861 0.13606289 0.0173770692 0.26652503 -0.0745631754 -0.168292671 0.0908072665 0.151897401 -0.141231105 0.265205979 0.157928273 0.260136127 -0.0216416884 -0.200803325 0.209235862 -0.211185098 0.0501150005 0.0411279351 0.0276601985 0.0886891931 0.276704133 -0.130710289 -0.0932546705 0.0633728653 -0.00557668041 0.207046926 0.142255872 -0.150992289 -0.00506249024 -0.196616605 0.135940552 0.206210867 0.293678582 0.0646170452 -0.0850915015 -0.208674639 -0.00878202263 0.0813342854 -0.0248735305 0.0565436296 0.229164183 -0.0471607745 0.166522577 -0.282361746 0.207176611 0.200085744 0.163136542 0.218381763 -0.141235307 -0.0583667532 0.0722828582 -0.162894517 0.167200252 0.200085476 0.0510787554 -0.0536882542 0.1353046 -0.0536690615 -0.14145112 -0.169402003 0.169320345 0.0480567403 0.205842838 -0.149738714 0.106422231 -0.168993518 -0.156826437 -0.0144062787 0.250973403 0.0278754737 -0.0138591472 0.177731201 -0.293941498 0.130698428 -0.27873522 -0.234949738 0.265877604 -0.0911588594 -0.167569011 0.0176607724 -0.0830354393 0.241693288 0.149555579 0.0756049976 0.234873876 -0.268104434 -0.0507230423 -0.0991438329 -0.172755107 -0.223470673 -0.135638699 -0.0738125369 -0.258464485 0.260454714 -0.107365698 0.22323373 0.237870842 -0.0105710058 -0.263633072 -0.263984203 -0.203246787 0.213589966 -0.256156087 0.0467987806 -0.0512459725 0.211919054 0.284724355 -0.0679975152 -0.158953771 -0.0496179089 -0.140220463 -0.080965586 0.032556612 0.0806715265 -0.0775152221 0.149211541 -0.128854573 -0.27165097 -0.143284217 0.0238109399 -0.0571548939 0.111879334 -0.260216475 0.125144809 0.227244288 -0.0723626763 0.0552310646 -0.141581059 0.168437898 0.0972538739 0.02540268 -0.012153022 -0.184882328 0.2825526 0.277413219 0.0364690721 0.209698811 -0.153356627 -0.040530771 0.25509128 -0.0958911404 0.0436239019 0.232080638 -0.112449236 -0.0122537129 0.262682766 -0.249776155 0.104772396 0.295104027 0.112291329 -0.0556729548 0.0188669506 -0.0322495401 0.0223966818 -0.190988243 0.275696516 0.272225976 -0.0893900469 0.048606351 -0.00122607965 0.0708717033 0.102176651 0.103439473 0.283994019 -0.114126138 -0.0612988919 0.099574849 -0.0864207745 0.276828408 0.116734348 -0.214121744 -0.0574864745 0.113734782 0.0607907288 0.188693956 -0.240090206 0.150927141 -0.0328464508 0.0267318953 0.100837864 -0.15016976 0.0345918201 0.133790225 -0.0216787253 0.0941215977 -0.176521838 0.127755687 0.173628047 -0.209922835 0.194545567 -0.151659057 0.0559918098 -0.212800682 0.0407978259 -0.0937083364 0.175766811 -0.289191037 0.295282304 0.232585996 0.10070847 0.0492929518 0.0484473631 0.259536654 -0.139483288 -0.0786202475 0.28226319 0.179279327 0.0108687254 -0.254215002 -0.27429685 0.295514226 -0.0846665874 0.217071652 0.174674407 -0.179742053 -0.0378627367 -0.0969129652 0.170156702 0.169973031 -0.135273397 0.209252745 -0.000725158548 0.102391943 -0.0720005184 -0.0944606811 -0.0102897631 0.112000592 -0.178114414 -0.271337062 -0.180049211 0.267143041 0.295741677 0.0478248112 -0.00147533405 0.203620568 -0.0607630052 -0.243209049 -0.0357817039 0.104198262 -0.220872566 0.193102062 -0.0121852839 0.199835539 -0.195497423 0.1518801 -0.27009061 -0.202727303 -0.168653443 -0.0251877569 -0.195297509 -0.188186973 -0.246365979 -0.0569857508 0.260251254 -0.0461854264 -0.0683654994 -0.0630357265 -0.246141449 0.242259324 0.0501089357 -0.0106898667 0.0851401612 -0.0894533545 -0.243241295 0.0229753945 0.0750945136 -0.194394007 -0.116413973 0.222055644
y 5 slot 5 300 -0.034387745 -0.128195137 0.880240321 -0.935882568 0.988914371 -0.221878812 0.353851855 0.0128219407 -0.0689815357 0.0819175243 0.212679043 0.0369488932 -0.630872726 0.245454952 -0.402285606 -0.948794246 -0.582400382 -0.111624062 1.22670937 -0.658900797 -0.319773436 0.994580448 -0.180859417 -0.321786374 -0.0298995767 -0.0305494945 0.229657099 0.244065806 1.05704498 0.173226312 0.0803822577 0.6629861 0.587671638 0.01401769 0.450977087 -0.0937540457 -0.78284353 0.138778776 0.412433773 -0.2852768 0.160869271 0.149828956 0.993930697 -0.0495053679 -0.907632053 0.508635521 -0.311732322 0.0700005293 0.142545253 0.116922319 0.396069765 1.05991805 -0.402002692 -0.412166119 0.162139028 -0.0159092117 0.36886698 0.304644465 -0.401678115 -0.00409325585 -0.204444885 0.327169448 0.857110322 0.769142985 0.172315285 -0.377013206 -0.272654772 -0.0212254804 0.230621055 -0.0876176506 0.182196558 0.548580706 -0.163960904 0.659513175 -0.554721594 0.442951322 0.222789735 0.714299977 0.946391344 -0.300151139 -0.0342556015 0.310888916 -0.0965718105 0.82574743 0.350387096 0.246412724 -0.259989709 0.427387297 -0.264984697 -0.693937838 -0.551383913 0.301671088 0.240846112 0.273701102 -0.648843527 0.0523551367 -0.62894249 -0.493368268 -0.0287594162 0.913615763 0.100177415 -0.039476037 0.143349096 -1.26465213 0.338176787 -0.833749413 -0.642080426 1.02655196 -0.086381048 -0.677566588 0.0259710625 -0.261853546 0.695582926 0.526094794 0.305820376 1.11537755 -0.285766751 -0.210139036 -0.128659144 -0.282997161 -0.187271416 -0.356903851 -0.226278856 -0.970766485 0.739643216 -0.535387814 0.685638905 0.741364777 -0.0162369497 -0.144898877 -0.346372783 -0.751532972 0.458857089 -0.312778652 0.115511134 -0.0950759724 0.265098274 0.316461056 -0.29780066 -0.170682028 -0.184003621 -0.496007949 -0.255421162 0.148539364 0.113101766 -0.320795506 0.617492855 -0.444341213 -0.216659084 -0.0963496491 0.0552015603 -0.0604141504 0.520332694 -0.923071742 0.37985146 0.479950309 -0.187501773 0.102059864 -0.239905462 0.610743701 0.326265335 0.0687661245 -0.00276772212 -0.189725891 0.224093482 0.598681629 0.106050521 0.982331395 -0.554572463 -0.0260908604 1.07623017 -0.361385226 0.0918319076 0.697999835 -0.23478052 -0.0250286125 1.05039585 -1.15855157 0.507303894 1.4684093 0.118665218 -0.182690561 0.0942180157 -0.144246235 0.0885057375 -0.100249775 0.559908152 0.450432241 -0.0936319903 0.0227192417 -0.00730474945 0.280599803 0.412347466 0.153895736 0.894450426 -0.549704313 -0.18750374 0.0643048733 -0.303197473 0.866984367 0.295267612 -0.704199851 -0.171101674 0.273379713 0.234111384 0.916140735 -1.10400867 0.246653542 -0.162977204 0.03682236 0.474808872 -0.627260089 0.0814712122 0.31568706 -0.0686809346 0.259033978 -0.340945542 0.141136572 0.860037267 -0.708531618 0.623890281 -0.319519192 0.0556519628 -0.97836864 0.157094166 -0.254286617 0.0961472169 -0.75931263 0.734688997 0.944246113 0.0516377874 0.157690421 0.228712603 0.536282659 -0.156156018 -0.167491511 0.778807402 0.258268744 0.0196746103 -0.40867883 -1.21194696 0.841177404 -0.104969859 1.06094241 0.261414498 -0.429848135 -0.0972841233 -0.150432393 0.423570633 0.272972524 -0.276146501 0.956279635 0.00653422205 0.506592095 -0.160778031 -0.224831045 -0.0305444431 0.19401668 -0.736321807 -1.35039294 -0.517277062 1.07410181 0.580962181 0.0613195151 -0.0127287284 0.703449607 -0.113128342 -0.539324999 -0.108257569 0.08686544 -1.0277313 0.93772012 -0.0624805391 0.525182307 -0.227443457 0.719576418 -1.34143794 -0.746354163 -0.260541588 -0.0857356191 -0.803151965 -0.159850806 -1.05998099 -0.175129086 0.308791071 -0.0357121415 -0.110327341 -0.051392559 -0.593137085 1.15096867 0.156999543 -0.0182288494 0.115105823 -0.350671053 -0.507960916 0.0658311173 0.0673770085 -0.902769685 -0.48033157 0.71017158
s 6 slot 6 300 -0.210630476 0.128492251 0.208961844 0.228196248 0.277570486 0.200695083 -0.201911151 -0.111425884 -0.124920182 0.0203987136 -0.145890474 0.0405775532 -0.275120437 -0.211864457 0.291663915 -0.240953505 -0.172018155 0.115587205 0.112307549 -0.20933713 0.260942966 -0.149919406 0.119792014 0.227983907 -0.26706478 0.299721748 0.0837226585 0.284212112 -0.271667212 0.266775101 0.187969312 -0.166126922 -0.017138578 0.282333821 -0.0493680164 0.293957442 -0.0719218105 -0.277527541 -0.148433045 0.134408116 -0.0412640646 0.124175325 0.0632435009 0.258495212 -0.173086166 -0.0128071196 -0.0847128332 0.246100247 -0.181582049 -0.138927788 -0.281193107 0.283049703 0.233269215 0.194901779 -0.214213267 0.249644578 -0.0717748404 -0.15982309 -0.144105077 0.289812863 -0.239968568 -0.251770318 -0.123576358 0.244618356 0.167049915 0.0338641591 -0.202549979 -0.247411475 -0.0524543077 -0.262432307 -0.174067348 -0.0763823316 -0.0605022758 0.176997915 0.148080036 -0.201175198 -0.15068908 -0.212328896 -0.197255686 -0.298492342 -0.12383493 -0.259216011 -0.193347633 0.193681628 -0.0475637466 0.018989861 0.190507516 0.235549614 0.297907352 0.00266445358 0.0375911482 0.00565412221 0.0210821144 -0.000506855082 0.0297764167 -0.0438892543 -0.0227808692 0.0723843426 0.00587010523 0.04165034 -0.171559334 0.104301952 -0.143487751 -0.232664511 -0.0628485829 -0.222984359 -0.109947987 0.151676849 -0.169407606 -0.179041788 -0.121678665 0.0749160498 -0.199219346 0.0500804968 -0.209567949 -0.0629004762 -0.0355333984 0.29637742 0.202400908 -0.23656708 -0.236773267 -0.0643948019 -0.133439034 -0.292835981 -0.226169556 0.102586359 -0.0536518358 0.292182744 0.137521237 -0.0741959885 0.246054918 -0.242004663 -0.0763762444 0.269765943 0.137789696 -0.283983618 -0.0224534553 -0.296847105 0.283046186 0.122372657 -0.126663521 -0.0717280135 -0.290520966 -0.101855725 -0.0461669937 0.251652986 0.199920803 -0.254462004 0.282929301 0.203496277 0.0575137958 -0.100749277 0.299128175 0.2498952 0.17169483 0.271169543 0.230443716 0.290854633 0.0531561486 0.0235715359 0.0204204787 0.251933426 0.293183655 0.185985312 -0.0218819678 -0.0790432468 0.209598675 -0.154964074 0.227139875 0.207005069 -0.238087475 -0.230526686 -0.0295681506 -0.0427374877 0.11317531 0.170049191 0.076151222 0.0311412141 0.16388455 -0.151817501 0.0338635594 -0.0231973603 -0.167519361 0.1161393 -0.287074775 -0.0965023562 -0.267859131 -0.114663124 0.138243973 -0.0860524625 -0.151879251 -0.00110501086 0.290292025 -0.209456205 -0.279154241 0.00241356413 0.281659931 0.103193678 0.182890996 -0.199601173 -0.052645307 -0.227530226 0.102366038 -0.256572574 0.114844613 -0.219101951 0.062249545 0.131985471 0.123541161 -0.0277970694 -0.14358303 0.0686973184 0.260673523 0.119184054 0.0901626572 0.267687798 -0.144958958 -0.117384814 -0.121544741 0.0757543072 0.21511358 0.226134673 0.114498556 0.140399009 -0.0105832051 -0.0184837151 0.117606245 -0.157704338 0.194211006 -0.222119004 -0.066674009 -0.194127589 -0.0699679106 0.0525859743 -0.1018776 0.253309369 -0.168017194 -0.00801168662 0.122084759 -0.0279285982 -0.256214172 0.229050204 0.114351235 -0.117415607 0.110010624 0.0518202558 0.0586929806 0.085282892 -0.285912991 -0.0184233095 0.268978387 -0.0414286926 -0.0510428138 -0.00442967936 -0.185239047 0.274429291 -0.00424916763 -0.168679163 0.264436334 -0.22077553 0.246627882 -0.0569790155 0.0696590319 0.206899688 0.153320998 -0.167359382 -0.0245095883 0.209463626 0.131817639 -0.279914379 0.234521568 0.118980736 0.0922398791 -0.252681255 -0.189702496 0.118428275 0.130708635 0.200545162 0.033557076 -0.0487275608 -0.0772219375 -0.0742657334 0.216750354 -0.249636486 0.121825099 -0.257456839 0.0232635736 0.17119734 -0.229318038 -0.292541713 0.00467836345 -0.268964052 0.0850441158 0.284595072 0.15543355 0.111253671 -0.0824346915 -0.0330791771 0.0347022079 -0.28326124
y 6 slot 6 300 -0.307953477 0.137408927 0.637712419 0.878510654 0.997662902 0.241837397 -0.256275505 -0.0796362534 -0.126043886 0.0113809118 -0.159060672 0.167207301 -0.85276252 -0.177751765 0.955182552 -1.11194813 -0.345671475 0.262215495 0.510887027 -0.572761893 0.483603835 -0.606784284 0.126347601 0.871608317 -0.843593061 1.46683764 0.168423474 1.19400859 -1.03347373 0.487249047 0.147496507 -0.464005947 -0.0702364221 0.271217346 -0.0839326829 0.345881075 -0.330929697 -0.438618183 -0.397555262 0.277023286 -0.023782162 0.110146157 0.237532198 0.638521373 -0.790276468 -0.0305895861 -0.120880373 0.393832207 -0.634076059 -0.635013282 -1.22346067 1.08568776 0.70076865 0.856772661 -0.568012178 0.343987167 -0.124715656 -0.337149382 -0.37209022 0.493553698 -0.259601921 -0.591325104 -0.512174368 0.634674072 0.452722639 0.14702791 -0.256413698 -0.480157793 -0.14781037 -0.900587022 -0.56734252 -0.178707689 -0.205040246 0.709427536 0.289290011 -0.427745253 -0.171465874 -0.922453046 -0.857096672 -0.641012907 -0.0842226148 -1.11322129 -0.115907915 0.954342663 -0.084221825 0.0829650983 0.925239205 0.721057713 1.46791494 0.012131338 0.12708956 0.00630198373 0.0992147923 -0.00658197189 0.129161537 -0.0181938168 -0.0803979859 0.224403843 0.0131582972 0.157033801 -0.570931971 0.353776157 -0.118632078 -0.992952049 -0.165368259 -0.658320904 -0.30107832 0.591081321 -0.184425145 -0.734533489 -0.149664208 0.231625408 -0.578688562 0.17724739 -0.864481688 -0.297226101 -0.0350362435 1.26030886 0.272380918 -0.395278633 -0.19516468 -0.1625956 -0.424870074 -1.0828464 -0.638691664 0.509160101 -0.16197443 0.907194853 0.189364508 -0.0459164195 0.323704183 -0.909854412 -0.164984867 0.32892558 0.350037694 -0.491338968 -0.0258183312 -0.333303481 1.26008308 0.136045828 -0.447441995 -0.257209241 -0.900444567 -0.473960429 -0.0621697344 1.0486064 0.816398263 -0.90801239 0.229507193 0.125300914 0.126457036 -0.0924822241 1.41216075 0.889750004 0.520613551 0.580583632 0.617685199 0.566999972 0.0858973861 0.0797151104 0.0679194406 0.739162982 0.236266509 0.197860435 -0.0176919345 -0.170878083 0.6052742 -0.725400209 0.828989327 0.125970766 -1.01013398 -0.900477111 -0.0668358207 -0.128154635 0.230054274 0.277349234 0.301975965 0.148918197 0.812311232 -0.755072474 0.0338846631 -0.0686981156 -0.83791244 0.52417773 -1.14234483 -0.0496952869 -0.545134485 -0.192237705 0.1365951 -0.0555165224 -0.430087656 -0.00401255023 1.17286205 -0.304158747 -0.880888164 0.0131200803 0.831193447 0.0774029791 0.625852823 -0.62549293 -0.130495951 -0.758249283 0.309096336 -0.594727159 0.451512277 -1.06282461 0.28360948 0.212309346 0.573991716 -0.0333340913 -0.675761878 0.287895471 0.568566799 0.283199608 0.256541848 0.768931448 -0.288791925 -0.13013795 -0.600806057 0.258238167 0.686533034 0.483959049 0.106472842 0.641215742 -0.040701583 -0.0468662307 0.056601502 -0.418751061 0.493567884 -0.900179923 -0.0362070911 -0.611576855 -0.32784453 0.111370862 -0.107856371 0.55247283 -0.462920129 -0.00655497191 0.265987664 -0.0427551046 -1.12407565 0.644867241 0.131383419 -0.572505355 0.169562757 0.123649262 0.158141971 0.126620784 -0.702396035 -0.031777475 0.56592679 -0.192813724 -0.10784734 -0.0267219935 -0.418676019 0.641449153 -0.0174186584 -0.289794058 1.08870542 -1.0826242 0.718268514 -0.230461329 0.138231561 0.259418398 0.213456169 -0.573285878 -0.0505363271 0.459395081 0.395598859 -0.225559428 1.08662093 0.577379286 0.459816247 -0.659425557 -0.213511765 0.560799956 0.653847814 0.74228698 0.049914483 -0.185487702 -0.316334277 -0.058928214 0.927415848 -0.776098788 0.136860698 -0.135726601 0.0401414186 0.143939599 -0.555943608 -1.39237881 0.00911589805 -0.442846835 0.119301766 1.09796607 0.322017044 0.352288544 -0.0759861097 -0.149778917 0.14366138 -0.901460946
M 14 14 -0.0398864188 0.000437838691 0.000154655004 5.88731133e-05 0.000454463619 0.000214798877 -0 -0.00031610035 -0.00214267925 -0.000725642815 -0.00164002848 -0.00151990096 -0.00294032581 -0.00223760115 0.000437838691 -0.0412295498 0.000241892639 4.68107636e-05 0.000294786204 8.60076502e-06 -0 -0.000195218169 -0.000514310205 0.00035476125 -0.00125519198 -0.00256123516 -0.00377458435 -8.95958208e-05 0.000154655004 0.000241892639 -0.0432913326 -5.15799107e-05 2.48051556e-05 -1.67993987e-05 -0 -8.35643622e-05 -0.000138285848 -0.000131053886 -0.00108856612 -0.0018512072 -0.000567922385 0.000175002562 5.88731133e-05 4.68107636e-05 -5.15799107e-05 -0.0399623921 0.000100745254 2.45027683e-06 -0 -2.37267555e-05 -0.000107754684 5.15282867e-05 -3.89987219e-05 0.00121321899 -0.00129697706 -2.55250043e-05 0.000454463619 0.000294786204 2.48051556e-05 0.000100745254 -0.0390277261 0.000332337463 -0 -0.000192915412 -0.000233060569 5.07944514e-05 3.37482894e-05 -0.000573836116 -0.00299763638 -0.00346202318 0.000214798877 8.60076502e-06 -1.67993987e-05 2.45027683e-06 0.000332337463 -0.0421407507 -0 -0.000108139483 5.21649893e-05 5.92744456e-05 1.16079738e-06 -0.000351311094 -0.000294714875 -0.00298944966 -0 -0 -0 -0 -0 -0 -0.0372498313 -0 -0 -0 -0 -0 -0 -0 -0.00031610035 -0.000195218169 -8.35643622e-05 -2.37267555e-05 -0.000192915412 -0.000108139483 0 0.0320196757 0.00148979795 -0.000317679368 0.0016914777 0.000444471672 0.00100588646 0.00112650976 -0.00214267925 -0.000514310205 -0.000138285848 -0.000107754684 -0.000233060569 5.21649893e-05 0 0.00148979795 0.0337300477 -0.000711867251 0.000519820451 0.00105506166 0.00382649002 -0.000543412711 -0.000725642815 0.00035476125 -0.000131053886 5.15282867e-05 5.07944514e-05 5.92744456e-05 0 -0.000317679368 -0.000711867251 0.0351103523 0.00104255657 0.0014433586 0.00017512724 -0.000617473283 -0.00164002848 -0.00125519198 -0.00108856612 -3.89987219e-05 3.37482894e-05 1.16079738e-06 0 0.0016914777 0.000519820451 0.00104255657 0.033241696 -0.00140574278 -0.000429613184 -1.20922492e-05 -0.00151990096 -0.00256123516 -0.0018512072 0.00121321899 -0.000573836116 -0.000351311094 0 0.000444471672 0.00105506166 0.0014433586 -0.00140574278 0.0331840171 0.00256859931 0.00365967513 -0.00294032581 -0.00377458435 -0.000567922385 -0.00129697706 -0.00299763638 -0.000294714875 0 0.00100588646 0.00382649002 0.00017512724 -0.000429613184 0.00256859931 0.0354226888 0.00307010144 -0.00223760115 -8.95958208e-05 0.000175002562 -2.55250043e-05 -0.00346202318 -0.00298944966 0 0.00112650976 -0.000543412711 -0.000617473283 -1.20922492e-05 0.00365967513 0.00307010144 0.0311416712
mv_in 0 14 -0.0162046049 0.178597838 0.364322662 0.000573843659 0.679295659 -0.667684972 -0.452023506 0.161158472 0.640172482 -0.319498986 0.501994908 -0.654223502 0.699713886 0.920115411
mv_out 0 14 -0.00418973753 -0.0092400467 -0.0153351154 -0.00180107874 -0.0317659908 0.0256250305 0.0168377993 0.00839510424 0.0235080069 -0.0125688354 0.0169953142 -0.0182267128 0.0255966192 0.0281610332
mv_in 1 14 0.850371957 -0.961452127 -0.650535882 -0.82621336 0.107642785 0.430924684 -0.481829077 0.793746114 -0.269528449 -0.121939205 0.610393643 0.139722973 0.498096853 -0.714301884
mv_out 1 14 -0.0350115999 0.0368522399 0.0267554868 0.0325898239 -0.00323043929 -0.0161073499 0.0179480518 0.0257691079 -0.00621425632 -0.00385974369 0.0215208012 0.00349500287 0.0174133968 -0.0226657618
mv_in 2 14 -0.838838935 0.217946365 0.294303209 -0.18616347 0.692513525 0.0190849882 -0.609589875 -0.44180873 -0.0906111598 0.973985553 0.635293186 -0.463426262 -0.386094987 -0.995326936
mv_out 2 14 0.0365589773 -0.00667188613 -0.0126580978 0.00746457202 -0.0223029038 0.00259577967 0.02270712 -0.0151652149 -0.00399886237 0.0356164046 0.0229810523 -0.0202498889 -0.0191795418 -0.0354758753
pg_inf 18.7534771
xcp 300 -0.479779959 -0.871526301 0.0981327295 1.75993264 1.57053733 -1.71405554 -5.75442577 1.35211825 1.61161089 1.00264549 -2.73858094 -0.988949656 0.96028471 0.0161264185 -0.0752732456 0.555265605 0.820184469 0.754591293 0.0525378585 0.250534415 -0.814121246 -2.24362993 -1.449615 -0.359930634 -1.99641397 -0.304256737 -0.687829614 2.22740459 1.28905904 0.332010746 0.685863256 0.82185477 3.48244242 -1.16737366 -0.355036378 1.35460484 -0.813258962 -1.82292247 -2.79127889 -0.888131618 -1.0564571 -2.18272138 3.01525545 0.0672900081 -0.0998163819 -2.61814618 -2.46337557 1.92543375 0.847349167 -1.47993541 -0.286923885 -3.1347084 1.9775635 1.55538797 1.70050592 2.30150525 0.169582248 -1.60514569 2.63570257 -1.20416665 -1.73125088 2.82149423 -2.17385364 -1.42118633 0.209225476 0.998276403 0.00653588772 1.29279995 0.375459909 0.865446866 -0.890546322 -3.23723626 -1.80983973 0.242937148 -1.03872776 -0.209362906 1.38223982 1.44777918 -0.615232944 -1.83562934 -0.822239055 0.501178773 -0.513226926 -3.93757641 -0.949751735 3.22225498 -0.598272979 0.854645669 -1.66302557 -0.0977061987 1.25921583 -2.44443583 0.676790059 -0.499188006 2.27456278 1.55711815 -2.72245216 1.37503767 1.34052718 2.09858274 2.71387696 0.219823956 -4.63632212 0.808703899 3.00278807 1.19366636 1.36527061 -0.396310806 0.972219408 1.08298182 0.786475062 -0.789209783 -2.08902106 -0.00873795152 -1.93557109 -1.05810571 1.4820112 -0.802535355 1.58904679 -1.7790699 0.958891809 -0.716618538 -0.345874906 -1.70725179 0.247794747 -1.89591432 -0.242075682 1.10861015 0.548746228 3.2401979 -1.55436909 0.0166985448 -5.12092183 2.92726421 1.1967971 4.61943634 0.437183976 2.00935268 -0.269441754 0.5301309 -1.16352229 1.20251 0.370355278 -0.815334797 -1.89931941 -1.74497318 1.75691628 0.529920876 0.0743562132 -1.09649622 0.413521677 0.935997963 1.46563244 1.76696575 -0.398082614 2.43151712 2.77081614 2.35696864 0.539417148 0.879095256 -0.763257325 -2.99418497 -1.80642879 0.550979853 -0.202039838 1.82022719 5.49181685 -0.895514309 -1.16373074 0.666801572 1.80682957 -1.94772518 -0.680097231 1.15894449 -0.489028275 -1.3832978 1.17223501 -0.48382026 -1.20594764 -1.14074326 0.639408469 -3.06608582 -1.72324288 1.72531998 1.29527938 1.65978456 1.00585926 0.21216011 -2.30558035 0.361289829 0.13605264 4.69987277 1.04220963 0.470513821 -0.254766386 0.546343386 -0.385554969 -2.59083652 0.742845715 0.235967547 0.759157121 -1.83081731 -1.61002272 0.207260847 -0.042088449 -0.0606262684 0.692914009 -1.62405062 2.20213488 -1.67442405 1.55541909 0.339668214 -1.5857265 -0.487655401 -7.90919325 1.03737938 0.49645102 -6.15576496 -2.31260524 -2.49695206 -2.17865682 -1.32763779 -1.27783799 0.236326605 -1.67786646 0.814999938 0.411693692 -1.21561861 1.83309102 1.28157437 -1.27926078 0.702968061 -1.13894482 -2.392735 0.591255188 1.82025659 1.07064986 -1.77017571 -0.133129064 -0.597657919 1.58293228 -1.31478024 -0.42609182 1.70479265 -0.244064271 0.0856258599 2.35292935 1.44905376 -1.36246669 1.31926894 1.66542746 -0.929773748 -0.466724873 -1.34993255 0.568595469 -2.23181669 -0.246088475 -0.421621323 2.43362877 -2.44457841 -0.574930059 0.735651493 -0.141356826 0.901402712 -0.625493765 3.28952885 -1.42512012 1.92290772 4.47853061 -4.24484263 0.261633296 0.370100474 2.16006947 1.13618112 -0.471355964 -2.74626541 0.266102195 1.14343011 -0.106595278 -3.11433363 3.17021307 -1.79081297 -0.333943874 -1.88706517 0.46054852 0.424484611 1.07397497 1.58211184 -0.749672115 -1.53431284 0.129597068 -0.699846327 1.84620035 -0.525456309 0.715035574 -0.779453456 -1.28626549 4.55156004 1.47144783 0.0441194177
vecc 14 -2.37672816 9.59020482 -0.665436852 -5.81078329 2.71195001 -16.9332002 -9.21400582 -10.7648876 11.7534376 1.64525469 2.02862046 -5.99210253 -15.9450865 0.469248297
brk0 97 0 3 8 10 13 16 23 26 29 31 33 34 44 45 49 52 53 59 60 63 67 68 70 72 73 74 77 79 96 97 98 99 106 109 110 111 113 116 119 122 123 125 127 129 130 131 133 137 138 141 142 143 144 145 146 147 149 153 158 159 162 167 170 171 175 183 185 187 189 197 199 203 207 209 212 220 222 223 224 226 228 235 239 248 252 253 254 263 265 266 276 277 278 279 289 290 296
newact 130 236 84 249 176 9 93 293 150 37 292 298 152 35 221 21 272 47 148 117 160 204 200 30 273 57 71 186 11 151 259 90 264 169 87 177 28 262 163 229 48 283 12 136 251 225 18 233 104 120 66 89 281 168 154 242 82 196 295 115 39 241 64 261 192 128 206 20 2 182 5 42 107 287 164 291 299 25 92 178 27 234 78 231 244 211 285 126 155 173 284 257 56 62 69 14 19 7 108 286 195 100 213 121 101 193 86 219 76 124 227 15 1 43 275 247 161 216 246 50 103 205 46 174 184 181 22 180 41 51 210
newact_sorted 130 1 2 5 7 9 11 12 14 15 18 19 20 21 22 25 27 28 30 35 37 39 41 42 43 46 47 48 50 51 56 57 62 64 66 69 71 76 78 82 84 86 87 89 90 92 93 100 101 103 104 107 108 115 117 120 121 124 126 128 136 148 150 151 152 154 155 160 161 163 164 168 169 173 174 176 177 178 180 181 182 184 186 192 193 195 196 200 204 205 206 210 211 213 216 219 221 225 227 229 231 233 234 236 241 242 244 246 247 249 251 257 259 261 262 264 272 273 275 281 283 284 285 286 287 291 292 293 295 298 299
fv 73 6 17 32 58 61 80 81 83 91 94 102 112 132 134 135 156 157 166 179 191 214 215 217 218 232 237 243 245 255 258 268 269 271 274 282 297 24 88 190 240 55 208 105 194 4 280 267 165 238 38 54 118 114 202 250 65 270 188 294 260 95 288 140 172 139 40 36 198 256 75 201 230 85
fv_sorted 73 4 6 17 24 32 36 38 40 54 55 58 61 65 75 80 81 83 85 88 91 94 95 102 105 112 114 118 132 134 135 139 140 156 157 165 166 172 179 188 190 191 194 198 201 202 208 214 215 217 218 230 232 237 238 240 243 245 250 255 256 258 260 267 268 269 270 271 274 280 282 288 294 297
drt0 300 0 -0.0622147223 -0.0631495555 0 -0.0146542047 -0.0741466751 -0.245910771 0.0658831264 0 0.00659105262 0 0.0181555802 0.0296160617 0 0.0261706953 -0.00897089232 0 0.0356033773 0.0405841827 -0.121832264 -0.0220801409 -0.00621564323 -0.0478842156 0 -0.0602474289 -0.042044925 0 0.0204925338 0.0341324582 0 -0.0157060751 0 0.156953842 0 0 0.0109509521 -0.00552141703 -0.00554470255 -0.0104298367 0.0212869676 -0.0134113699 -0.0411437841 0.0363488239 0.0383892247 0 0 -0.129785064 0.0122306376 0.0319445681 0 -0.0921950676 -0.137961907 0 0 0.0404963548 0.038971615 0.085736263 -0.0216175576 0.114169077 0 0 0.0943958182 -0.0964148552 0 0.0342000858 0.0437013477 0.0191760628 0 0 0.135650377 0 -0.0265398723 0 0 0 -0.00569042566 0.0868520825 0 0.0884051129 0 -0.0196191474 0.0459550118 -0.0154764236 -0.150908356 -0.00335594959 -6.98934122e-05 -0.0924723472 -0.0289297236 -0.108657807 -0.0457390725 0.0239537353 -0.0705198232 0.0389158674 0.00516512081 0.112037402 -0.00142811971 0 0 0 0 0.0853284676 0.105653138 -0.0746866682 0.0796743566 0.0322609683 0.0503274666 0 0.0400983301 0.137056973 0 0 0 -0.0406385031 0 -0.0192594216 0.055328256 0 0.0171041408 0.0563103885 0 -0.0198256401 -0.0772490495 0 0 -0.0765454825 0 0.0701577358 0 -0.0516280081 0 0 0 -0.203365721 0 0.0790873945 0.16789661 -0.0100340703 0 0 0.0111961661 -0.00534114538 0 0 0 0 0 0 0 0.0146606218 0 0.00849944773 0.012645939 -0.00755719539 0 0.021838031 0.112915335 0.144608148 0 0 0 0.00883833864 -0.100745203 0 -0.0303663619 0.0138940666 0.0423189251 0.239764216 0 0.0552818507 -0.021414479 0 0 -0.00944558282 0.0185711769 -0.106377097 0 0.00241214469 0.0128890533 -0.0935184099 0 0.0948420133 -0.0954138261 -0.0572992866 0 0.0402366172 0 0.0214974766 0 -0.0291775472 0 -0.111842482 0.177588131 0.0221020228 0.0810607987 -0.0974111206 0.0814268915 -0.0213422241 0 0.0057077272 0 -0.0136135187 -0.00259500013 -0.0668366226 0 -0.0165180461 0.0801394962 0.0139533286 0 0.049241155 0 0.0811371811 0.0660636909 0 -0.0141280205 -0.182636128 0 0.102134932 -0.19324738 -0.0703589482 -0.0475605204 0 -0.011325549 0 0 0 0.0349143356 0 -0.046763487 0 0.0168441855 0.000895389378 0.111355421 -0.0357122489 -0.0481273587 -0.0982663168 0 -0.00219951433 -0.0409537223 0.0623310515 0 0.0400334974 -0.0715397822 -0.0415024714 0.0427200498 0.0316819002 0.043586955 0.0191616673 0.134812069 0 0.00337258934 0.0296048112 -0.0350827894 0 0 0 -0.0784814353 0.00611210917 0.0248875025 0.0846176728 -0.0248923776 -0.030222688 -0.054087044 0.0393730418 0 0.0310119915 0 0 0.032349923 0.0577764531 -0.154446269 0.0510684336 0.0104387209 0.0115943924 -0.0107498382 -0.018944651 -0.0902315561 0 0 0 0 0.0360951846 -0.0284266931 0 -0.0152913746 0.115771706 -0.0124670793 0.0572475431 0.0273454725 -0.0066829096 0 0 -0.0512435342 0.0056448598 -0.00736007221 0.0246676992 -0.0655677563 0 0.11443344 -0.0091191635 -0.0601412249
step_max0 22.8141626
drt 300 0 -1.41937679 -1.44070423 0 -0.316712912 -1.6915943 -5.69206667 1.50306836 0 0.150369346 0 0.414204359 0.675665647 0 0.597062498 -0.204663396 0 0.96093094 0.925894141 -2.77950108 -0.503739923 -0.141804695 -1.09243828 0 -1.53664022 -0.959219754 0 0.467519999 0.778703451 0 -0.358320951 0 3.60811988 0 0 0.249836802 -0.257785561 -0.126497746 -0.376937151 0.485644341 -0.311743275 -0.938660979 0.829267979 0.875818014 0 0 -2.96093756 0.279031754 0.72878857 0 -2.10335326 -3.14748538 0 0 0.792915781 1.03492395 1.95600104 -0.493186474 2.55819068 0 0 2.08765128 -2.19962418 0 0.780246317 0.978796268 0.437485814 0 0 3.09474975 0 -0.605484962 0 0 0 -0.0502887478 1.98145753 0 2.01688862 0 -0.432423591 0.993100125 -0.353081644 -3.11831461 -0.0765631795 0 -2.10967916 -0.660007417 -2.50803118 -1.04349864 0.546484411 -1.62819851 0.887832925 0.117837906 2.55846634 -0.0236327454 0 0 0 0 1.94669753 2.41038787 -1.85464763 1.81770372 0.736006975 1.09271479 0 0.914809823 3.12684005 0 0 0 -1.1176432 0 -0.407244826 1.26226783 0 0.390216649 1.27188752 0 -0.452305377 -1.76237237 0 0 -1.74632108 0 1.60058999 0 -1.17784977 0 0 0 -4.64669679 0 1.70668809 3.79268039 -0.22891891 0 0 0.440019928 -0.299489437 0 0 0 0 0 0 0 0.33446981 0 0.193907782 0.288506508 -0.172411084 0 0.498216391 2.57606882 3.35762992 -0.0376590699 0 0 0.201639295 -2.29841745 0 -0.692783117 0.316981494 0.979014175 5.50720421 0 1.26120913 -0.488553405 0 0 -0.232841227 0.423685849 -2.42690438 0 0.0550310612 0.294052958 -2.13354421 0 2.16374111 -2.17678654 -1.30723524 0 0.917964727 0 0.490446925 0 -0.599767731 0 -2.60229132 4.10224926 0.504239142 1.84933424 -2.39808742 1.85768634 -0.486904971 0 0.307038426 0 -0.310581028 -0.12060333 -1.26939946 0 -0.37684539 1.8283155 0.318333507 0 1.2652403 0 1.85107684 1.50718778 0 -0.322318956 -4.11826032 0.144273224 2.33012295 -4.60567579 -1.45238007 -1.08505344 0 -0.258382916 0 0 0 0.796541328 0 -1.0668698 0 0.384285986 0 2.54048067 -0.77038636 -1.09798539 -2.24186373 0 -0.0501800776 -0.798894794 1.35530909 0 0.753757014 -1.63212022 -0.946844131 0.932668143 0.722796023 1.01326714 0.437157393 3.07562447 0 0.0769428015 0.755481687 -0.800384462 0 0 0 -1.62939051 0.112198048 0.567787528 1.8724594 -0.56789875 -0.526408121 -1.23395061 0.898262978 0 0.707512617 0 0 0.832321383 1.30660088 -3.70390472 1.19005468 0.524577785 0.264516354 -0.245248556 -0.458043456 -2.05855739 0 0 0 0 0.744780416 -0.648531199 -0.00814154358 -0.348859906 2.64123452 -0.284425974 1.30605476 0.623864055 -0.149006767 0 0 -1.16907832 0.128782749 -0.167913884 0.464965555 -1.49587345 0 2.51115289 -0.208046079 -1.37207168
sub_L 2 38 230
sub_U 2 85 179
sub_P 69 4 6 17 24 32 36 40 54 55 58 61 65 75 80 81 83 88 91 94 95 102 105 112 114 118 132 134 135 139 140 156 157 165 166 172 188 190 191 194 198 201 202 208 214 215 217 218 232 237 238 240 243 245 250 255 256 258 260 267 268 269 270 271 274 280 282 288 294 297
dg -2652.2921
step_max 1
