# lbfgsb component fixture 03 (LBFGSpp 0.3.0 BFGSMat/Cauchy/SubspaceMin, double)
seed 1592614093
n 5
m 5
npairs 8
ncorr 5
ptr 3
theta 3.49706014
lb 5 -2.50869584 -2.5626421 0.0363855362 1.44258487 1.2637794
ub 5 -1.41090512 -0.20264852 2.55629754 1.95055306 2.31386089
x 5 -1.7003125 -0.20264852 0.0363855362 1.56153262 2.31386089
g 5 -43.3523941 48.0480652 -33.3161583 24.4794617 2.13526058
s 0 slot 0 5 0.207665324 0.290922582 -0.287154227 -0.160674065 -0.252883166
y 0 slot 0 5 0.797095597 1.21899438 -0.6500085 -0.154809147 -0.230556309
s 1 slot 1 5 -0.179691702 -0.0246492643 0.134996057 -0.0970473737 0.285410672
y 1 slot 1 5 -0.688629031 -0.107260972 0.30204314 -0.0549634472 0.236061603
s 2 slot 2 5 -0.0935890675 -0.26941368 0.153154776 0.0164651182 0.0335933752
y 2 slot 2 5 -0.356874019 -1.12195373 0.343647897 0.0250325538 0.0381408222
s 3 slot 3 5 0.0372552872 0.121791251 0.156332642 0.105150975 0.0302253719
y 3 slot 3 5 0.141325042 0.500167012 0.346248299 0.0867377743 0.032428626
s 4 slot 4 5 -0.267995805 -0.0843458846 -0.231891096 -0.00223749015 0.102212951
y 4 slot 4 5 -1.03092098 -0.34494105 -0.507022202 0.000573786732 0.079038091
s 5 slot 0 5 0.197439566 -0.21257256 0.23615329 -0.139678851 -0.114082523
y 5 slot 0 5 0.764585376 -0.885287285 0.516908467 -0.106732525 -0.0898964927
s 6 slot 1 5 -0.223762661 -0.0215202402 0.125086904 -0.229458615 0.167661965
y 6 slot 1 5 -0.85580039 -0.089711085 0.271756798 -0.163763389 0.132438406
s 7 slot 2 5 0.214427948 0.293201476 -0.267879069 -0.0383245125 -0.204336733
y 7 slot 2 5 0.821133256 1.2253958 -0.601921499 -0.0562388413 -0.184281439
M 10 10 -1.67507786 0.648210602 -0 0.108934207 0.151612587 -0.28783642 -0.710856328 -0.613613883 -0.539555295 -0.296078115 0.648210602 -2.22590942 -0 0.366939351 0.540411209 -0.561638138 -0.816680206 -1.18892887 -1.11466762 -0.750932848 -0 -0 -1.35793045 -0 -0 -0 -0 -0 -0 -0 0.108934207 0.366939351 -0 -2.94500576 1.40922298 -1.8822866 0.263306924 -0.347354824 -4.02584093 -3.95482879 0.151612587 0.540411209 -0 1.40922298 -1.05855947 -1.37791709 0.442818919 -0.51156803 -1.35231852 -1.3393051 -0.28783642 -0.561638138 0 -1.8822866 -1.37791709 2.13256113 0.352543906 0.531662021 1.78890021 1.61283091 -0.710856328 -0.816680206 0 0.263306924 0.442818919 0.352543906 2.33639539 0.773091818 0.501869949 -0.0824827269 -0.613613883 -1.18892887 0 -0.347354824 -0.51156803 0.531662021 0.773091818 1.12547258 1.05517485 0.71085357 -0.539555295 -1.11466762 0 -4.02584093 -1.35231852 1.78890021 0.501869949 1.05517485 9.41596762 3.65233825 -0.296078115 -0.750932848 0 -3.95482879 -1.3393051 1.61283091 -0.0824827269 0.71085357 3.65233825 3.4951259
mv_in 0 10 -0.312428176 -0.795075297 0.200626776 0.15470764 0.632798493 0.633685946 0.886979938 0.810399115 0.536771059 0.384603173
mv_out 0 10 -1.59291714 -0.964934475 -0.272437208 -4.81236049 -3.06482883 3.04878641 4.35228157 3.53402985 8.46902554 4.05984766
mv_in 1 10 -0.211971283 0.770652354 0.204363689 0.199117258 0.333883017 0.0901957303 -0.747822106 0.705514193 -0.551667035 0.558805823
mv_out 1 10 1.13184883 -1.68273859 -0.277511676 -0.456996444 -0.507235218 -0.988488642 -1.77135657 -0.947171221 -4.6208301 -1.10370176
mv_in 2 10 -0.125948325 0.359136641 0.832096517 0.513447225 0.483702421 0.985808313 -0.810231388 0.718837798 0.714357316 0.280621439
mv_out 2 10 -0.0443666477 -2.18485791 -1.1299292 -7.01670294 -3.04023873 2.13093301 -0.508766325 0.884519098 6.81313276 2.84682449
pg_inf 2.519912
xcp 5 -1.41090512 -2.5626421 2.55629754 1.44258487 1.47720171
vecc 10 3.70102112 0.557519337 -4.01020317 -0.304424153 -0.828144999 4.4271331 0.658338067 -3.94961272 0.278030546 -1.91674087
brk0 0
newact 4 3 0 1 2
newact_sorted 4 0 1 2 3
fv 1 4
fv_sorted 1 4
drt0 5 0.0811539967 -0.661776199 0.70661963 -0.0333546612 -0.234611288
step_max0 3.56615058
drt 5 0.289407372 -2.35999358 2.519912 -0.118947744 -0.836659182
sub_L 0
sub_U 0
sub_P 1 4
dg -214.591677
step_max 1
