# lbfgsb component fixture 07 (LBFGSpp 0.3.0 BFGSMat/Cauchy/SubspaceMin, double)
seed 1592645769
n 37
m 5
npairs 3
ncorr 3
ptr 3
theta 3.59170316
lb 37 -0.396896631 -1.11121011 0.373502791 -1.48770165 -0.827639878 -0.645382643 0.027071178 -inf -0.499118954 1.07428527 -0.391219735 -inf -1.29997253 -inf 0.307574898 0.462008238 1.86709571 -0.493803769 -inf -inf 0.478896856 1.71094 -inf -2.03698277 -1.77085304 -1.08074617 -2.13102269 -2.33871317 -1.60192251 0.311556727 0.706055641 -0.183302522 1.18523586 1.06785393 -1.34686613 0.789885163 -1.20539689
ub 37 0.923004031 1.27743697 1.55688548 -0.0480560064 -0.582404315 0.566268206 1.33223224 inf inf 2.66968203 -0.391219735 inf -0.785311222 inf 0.613437414 2.44364929 1.86709571 0.124199301 inf 1.01168382 3.14787054 inf inf 0.545537174 0.373826563 1.35060191 0.977548599 0.336520553 -1.60192251 0.311556727 3.18685818 2.89855719 1.18523586 2.02683949 1.71552801 1.71771514 0.754249871
x 37 -0.255852401 -0.553778708 1.55688548 -0.771437883 -0.827639878 0.279794037 1.33223224 -0.379723847 -0.499118954 2.66968203 -0.391219735 -0.771865308 -1.27297258 -0.164873317 0.424551606 2.14440465 1.86709571 -0.493803769 0.342684567 1.01168382 2.8330729 3.58180809 0.380475163 -2.03698277 0.373826563 0.441145927 0.738447309 -2.33871317 -1.60192251 0.311556727 2.71955442 2.89855719 1.18523586 1.32084823 0.617630363 1.6698103 -0.931298316
g 37 0.633029819 -0.989625454 -0.234336987 -0.621659577 1.96517205 -0.900134027 1.44725847 -0.886964142 1.13093352 -0.477087706 0.124564752 1.02680469 0.21432288 -0.187643304 -0.133931056 1.63383126 -1.13386786 0.318682015 -0.16054967 0.341831118 0.857344151 0.423175514 1.50509024 0.974489212 -1.53982055 -1.78233933 -0.712907195 -1.36521184 0.535255969 -1.84982824 0.294564098 0 0.0334166475 1.49956405 -1.31577718 0.936057806 -1.69243395
s 0 slot 0 37 0.137727827 -0.19582054 -0.0267100539 -0.117433764 0.0330373012 -0.171765223 0.0660546571 -0.0649514571 -0.267510533 0.129232526 -0.122296333 0.0698086023 -0.0793350115 -0.291997313 0.240787998 -0.193376824 -0.291350394 -0.116448775 -0.140984789 0.13101092 0.139149919 0.0360372216 -0.0472348854 -0.238084346 -0.225021511 0.295268744 0.0572166592 0.00990054943 -0.278574049 -0.15130353 0.172447145 0.217162073 0.241350591 0.215167776 -0.2280294 0.0928054675 0.203447446
y 0 slot 0 37 0.664931297 -0.497696817 -0.0808262825 -0.455975264 0.161155224 -0.348338395 0.160172358 -0.145611674 -1.10920858 0.149959534 -0.588182509 0.324471295 -0.134391263 -1.01079178 0.251406878 -0.337498367 -1.32510197 -0.280688882 -0.187517911 0.377843112 0.394572973 0.0887547582 -0.175190464 -0.939735353 -1.11046135 0.310154766 0.217078134 0.0285189264 -1.16129112 -0.409069836 0.411970139 0.843908846 0.121641271 0.885374188 -0.460248262 0.324789584 0.616847873
s 1 slot 1 37 -0.190129653 -0.296108812 -0.228004381 0.178707972 -0.180737078 0.0435515009 0.209838644 0.0752478167 0.167162731 -0.141733617 -0.120199531 -0.0940718502 0.267809272 -0.0770797879 -0.0577531457 0.222010925 -0.039138101 -0.000371928705 0.262219757 0.143046856 0.0849849433 0.0809734389 0.135834008 -0.165541932 0.151096836 -0.183914959 -0.242121115 -0.0801483542 0.213860899 0.0670459718 -0.234716535 -0.297902107 -0.124998674 0.0609399341 0.291621268 -0.130388945 0.204746082
y 1 slot 1 37 -0.93042165 -0.803018212 -0.718379259 0.706100106 -0.930649757 0.0608056784 0.491699815 0.180697501 0.743076503 -0.158636719 -0.560240626 -0.475374907 0.45511499 -0.258374035 -0.0978604481 0.356202602 -0.179327101 -0.00792022981 0.342473805 0.418547928 0.248424158 0.186569855 0.521122277 -0.652670026 0.726592898 -0.183751792 -0.948231161 -0.189846858 0.849684775 0.157013014 -0.600331247 -1.17530811 -0.0627141744 0.246625751 0.62415272 -0.455934137 0.671640038
s 2 slot 2 37 0.174894243 0.168204054 0.087831229 -0.262065828 -0.220332518 -0.151667103 -0.227001965 -0.181784227 -0.063549459 -0.134601951 -0.107169129 -0.163972899 -0.263471931 0.042304229 0.0649577603 -0.0218736734 0.194252521 0.0985972509 0.10830342 -0.239519924 0.0359667353 -0.192150325 -0.186855286 -0.181232348 0.185317487 0.25028339 0.0858341157 0.0208050441 0.219101921 -0.122561648 -0.0259379502 -0.0219342485 0.155882806 0.111606501 0.130380049 -0.169591233 -0.286391765
y 2 slot 2 37 0.838657916 0.448732942 0.279306561 -1.02035677 -1.06075442 -0.299623102 -0.544963598 -0.431875437 -0.28634271 -0.166248173 -0.523093641 -0.739928305 -0.433419943 0.141423389 0.0878952667 -0.0225336365 0.884818435 0.240549862 0.146245167 -0.689513803 0.0928663313 -0.453335464 -0.728233576 -0.728402615 0.92278105 0.250163645 0.341809988 0.0423210822 0.931720018 -0.320462316 -0.0445937552 -0.0769750029 0.0871048719 0.443498403 0.245981798 -0.592985809 -0.891774774
M 6 6 -0.259274341 0.00757941343 -0 -0.0318745121 -0.0855791687 -0.0576940802 0.00757941343 -0.295982853 -0 -0.00458495954 -0.00803810685 -0.0377947571 -0 -0 -0.329365918 0 0 0 -0.0318745121 -0.00458495954 0 0.277198064 0.096011414 0.0349004611 -0.0855791687 -0.00803810685 0 0.096011414 0.27408685 0.0611856294 -0.0576940802 -0.0377947571 0 0.0349004611 0.0611856294 0.287691622
mv_in 0 6 0.355893463 -0.497444302 0.611261785 -0.599490106 -0.765748978 0.54338783
mv_out 0 6 -0.0427540244 0.138299046 -0.201328799 -0.229796821 -0.260650648 0.0868206527
mv_in 1 6 -0.273418695 0.173123747 0.735222161 0.393170357 -0.565241814 0.15042834
mv_out 1 6 0.0993646147 -0.0562586125 -0.242157122 0.0678877364 -0.0859650965 0.0316455939
mv_in 2 6 -0.050710395 0.813902438 0.0654802546 -0.821354449 -0.282370239 -0.328999281
mv_out 2 6 0.0886434009 -0.222815473 -0.0215669642 -0.268386196 -0.178585881 -0.168428542
pg_inf 1.68554819
xcp 37 -0.396896631 -0.269602353 1.55688548 -0.59292494 -0.827639878 0.538272441 0.91664406 -0.125027248 -0.499118954 2.66968203 -0.391219735 -1.06671788 -1.29997253 -0.110990517 0.46301064 1.67524108 1.86709571 -0.493803769 0.388787282 0.913525149 2.58688184 3.46029093 -0.0517197204 -2.03698277 0.373826563 0.952954404 0.943162504 -1.94668513 -1.60192251 0.311556727 2.63496873 2.89855719 1.18523586 1.06785393 0.995462969 1.40101618 -0.44530666
vecc 6 -0.572642855 -0.194217668 0.464060415 -0.254060629 -0.681000901 0.944225947
brk0 12 2 4 8 9 10 16 17 23 24 28 29 32
newact 3 12 33 0
newact_sorted 3 0 12 33
fv 22 7 11 13 18 19 22 31 5 26 25 34 6 35 36 15 3 14 1 27 20 21 30
fv_sorted 22 1 3 5 6 7 11 13 14 15 18 19 20 21 22 25 26 27 30 31 34 35 36
drt0 37 -0.0996610123 0.20079732 0 0.126136183 0 0.1826393 -0.29365213 0.1799671 0 0 0 -0.208341073 -0.0190780041 0.0380732655 0.0271749246 -0.331508186 0 0 0.0325759038 -0.0693583336 -0.173957134 -0.0858633019 -0.305386331 0 0 0.361640821 0.144650538 0.277004677 0 0 -0.0597677447 0 0 -0.178764265 0.266974269 -0.189928319 0.343398809
step_max0 1.41523978
drt 37 -0.141044229 0.329553879 0 0.123933941 0 0.207648426 -0.469846582 0.200494278 0 0 0 -0.282649187 -0.0269999504 0.0431161038 0.0555511172 -0.490545306 0 0 0.0401749784 -0.14272579 -0.233571244 -0.164836408 -0.451354081 0 0 0.588867767 0.228643474 0.394157609 0 0 -0.0586407131 0 0 -0.252994299 0.360061526 -0.264322815 0.421116137
sub_L 0
sub_U 1 31
sub_P 21 1 3 5 6 7 11 13 14 15 18 19 20 21 22 25 26 27 30 34 35 36
dg -7.23600078
step_max 1
