# lbfgsb component fixture 19 (LBFGSpp 0.3.0 BFGSMat/Cauchy/SubspaceMin, double)
seed 1592740797
n 37
m 5
npairs 0
ncorr 0
ptr 5
theta 1
lb 37 0.280602813 0.484376132 0.942257524 -2.88618994 -inf -1.58666241 -0.204614758 -2.35735822 -0.85241878 1.29638052 -0.58365798 -inf -0.814823389 -0.205193043 -inf -0.173326194 -2.04203606 -1.2962811 -1.33255267 0.711917877 -2.11938906 -2.53994584 1.56742871 -0.353196979 -0.60908705 0.801481247 1.2391752 1.34449673 -2.96748352 0.316891223 -0.328447402 -0.637832463 -1.67806029 0.291359246 -1.5055474 -0.130312204 -2.32405591
ub 37 1.31755209 2.02512288 2.44430351 -0.306174636 inf -1.00403821 2.31215572 -0.870178521 1.69969285 2.04187489 0.683295369 inf -0.534674168 2.10294724 inf 2.07075858 0.990893722 -1.2962811 -0.493264765 2.07108164 0.212367177 -1.45709872 1.56742871 0.382819772 1.6319499 2.16294646 inf 2.13620734 -0.981467068 0.92574203 1.9934392 2.45364642 0.517136574 1.33817577 1.42979109 2.51573658 -1.416574
x 37 0.280602813 1.66274738 1.8285116 -2.88618994 -0.0608134903 -1.19824839 1.19904423 -1.97374809 0.243344679 1.42755079 0.527006269 -0.312670708 -0.637779295 2.10294724 0.355437696 2.07075858 0.181487262 -1.2962811 -0.493264765 2.07108164 -1.0023011 -1.98855722 1.56742871 -0.353196979 0.672029912 0.93589443 2.35618019 1.77999055 -1.65964425 0.92574203 0.990989745 2.45364642 0.517136574 0.291359246 -0.539613426 2.51573658 -2.32405591
g 37 -1.47078037 -1.89714086 -0.209382534 -0.261164099 1.02329838 0.732120514 0.834148705 -0.266878545 0.597055912 0.385190338 0.0760835782 -0.377146631 0 1.63394785 -1.5093596 -1.21821201 1.68314528 -0.491932482 -1.76067662 0.0649652556 -0.713345468 0.983068585 -0.387561858 -1.33337581 -0.546769977 -0.190462157 -1.31619906 -1.61661792 0.131259441 1.34717619 1.4237653 1.16926956 0.836592078 -1.12862408 0.362525403 -0.756194353 -1.77125978
M 0 0
mv_in 0 0
mv_out 0 0
mv_in 1 0
mv_out 1 0
mv_in 2 0
mv_out 2 0
pg_inf 1.68314528
xcp 37 1.31755209 2.02512288 2.03789413 -2.62502584 -1.08411187 -1.58666241 0.364895523 -1.70686954 -0.353711233 1.29638052 0.45092269 0.0644759238 -0.637779295 0.468999386 1.86479729 2.07075858 -1.50165802 -1.2962811 -0.493264765 2.00611638 -0.288955629 -2.53994584 1.56742871 0.382819772 1.21879989 1.12635659 3.67237926 2.13620734 -1.79090369 0.316891223 -0.328447402 1.28437686 -0.319455504 1.33817577 -0.902138829 2.51573658 -1.416574
vecc 0
brk0 5 15 17 18 22 35
newact 11 1 27 9 29 36 5 23 21 0 30 33
newact_sorted 11 0 1 5 9 21 23 27 29 30 33 36
fv 21 4 11 12 14 26 16 13 6 20 24 8 32 31 34 2 7 25 3 28 10 19
fv_sorted 21 2 3 4 6 7 8 10 11 12 13 14 16 19 20 24 25 26 28 31 32 34
drt0 37 0.224227763 0.0783593268 0.0452764453 0.0564735836 -0.221275922 -0.083989844 -0.180374588 0.0577092636 -0.129106133 -0.028363988 -0.0164521553 0.0815534061 0 -0.353321497 0.326380792 0 -0.363959849 0 0 -0.0140479522 0.154252346 -0.119231133 0 0.159154737 0.118232407 0.0411851422 0.284612158 0.0770275802 -0.0283832696 -0.131656637 -0.285312354 -0.252840427 -0.180902937 0.226361437 -0.0783917421 0 0.196232008
step_max0 4.62453562
drt 37 1.03694928 0.362375498 0.209382534 0.261164099 -1.02329838 -0.388414025 -0.834148705 0.266878545 -0.597055912 -0.131170273 -0.0760835782 0.377146631 -0 -1.63394785 1.5093596 0 -1.68314528 0 0 -0.0649652556 0.713345468 -0.551388621 0 0.73601675 0.546769977 0.190462157 1.31619906 0.356216788 -0.131259441 -0.608850807 -1.31943715 -1.16926956 -0.836592078 1.04681653 -0.362525403 0 0.907481909
sub_L 0
sub_U 0
sub_P 21 2 3 4 6 7 8 10 11 12 13 14 16 19 20 24 25 26 28 31 32 34
dg -25.1425227
step_max 1
