# lbfgsb component fixture 02 (LBFGSpp 0.3.0 BFGSMat/Cauchy/SubspaceMin, double)
seed 1592606174
n 300
m 5
npairs 1
ncorr 1
ptr 1
theta 3.22322729
lb 300 -2.58173227 -1.40104544 0.979672432 0.703904271 -1.15444887 1.15252948 -1.40862083 0.0843790472 -1.3575449 -1.0148387 -2.57966399 0.665362239 0.928292155 -0.279938519 -1.45858073 1.21350479 -1.02883339 -inf -2.8567605 -0.153833091 -2.25737882 -1.06650519 -1.54009807 -0.643600941 -inf -2.51298523 -0.228649274 -0.609198093 0.974764466 1.18035376 1.70552874 -0.0942201018 -1.31161857 -1.70536375 0.314884543 0.89893496 -inf -0.913066983 -1.67414129 -inf 0.541301191 -1.26269555 0.589087725 -0.605995595 -1.04515302 -0.655229986 1.42496037 -1.17494047 -0.757342637 0.898280442 0.417556047 -1.13801849 -1.58339453 -1.48521948 -1.66083467 -1.75353515 -1.39389753 1.64254069 -1.08997381 -inf 0.142335713 -0.534639716 -2.35187769 -2.32563972 0.0442912579 -1.39736605 -0.70605576 0.196617424 0.578314543 -0.927696764 -1.58313096 -0.300124824 1.00194192 -0.556653261 -0.0149000073 0.946569741 0.770046353 0.762916207 1.52322769 -3.20486116 -0.661792755 -1.59197438 -1.51731467 -1.98579931 -1.93715668 -1.36635602 -inf -0.396184564 -2.43527174 0.119086266 -1.0076319 -2.33009863 -inf -1.49454832 -2.27629948 -1.36910737 -0.544369936 -0.0518942811 0.456335366 -2.12871289 0.478242636 -0.774716318 1.10430837 -inf -1.01215923 -1.65631843 -2.06722951 -2.60851526 -1.26850188 -2.54619813 0.816763103 -1.35686302 1.81693673 -2.03265619 -inf 1.29779959 -inf -2.55474281 -0.815441847 0.944410026 -1.04754543 -1.62092257 0.692323625 0.574377894 0.0381589532 -0.180496529 -0.504038632 1.35023117 0.662490129 1.32286882 0.275387049 -2.95315933 0.349911034 -1.71119535 -0.47148335 -2.06793618 -0.402030647 0.184942931 -0.677979529 -0.262803435 0.475699872 -2.27808237 1.92890596 -0.578293979 -inf -2.56280231 0.931836665 -1.36271417 0.294690371 -2.85844064 -0.704188347 -2.14941788 -inf -1.97041261 -2.09612036 0.334182173 -0.707086861 -3.01128149 1.00827098 0.432052225 -0.377918571 -0.558592975 -0.729819238 -1.64153063 -0.591521621 -inf -0.708094954 -1.79519534 -1.0024724 -2.04841638 -2.97963715 0.470021963 -1.83578944 -2.56939936 0.0164459348 -inf -inf 0.34289059 -1.92157483 -2.9149406 0.340501308 0.0988377035 -1.51987863 -1.8121109 0.258945823 0.659267902 -1.71289396 -0.553396702 -inf -2.29350567 -0.91282475 -1.36085773 -1.7749207 -0.874128282 1.99878788 -1.223243 -2.61066723 -0.401584506 0.812010407 -1.89963603 -1.78694391 -0.535326958 -1.08737493 -1.4159348 -inf 1.63662553 -1.26185429 0.704073846 -inf -1.63705206 -inf 0.335154027 -1.70991397 0.897072315 -2.7148366 -2.07700372 0.331521034 -0.113548458 -0.048530221 1.77575684 1.45506144 -1.29022205 -0.282299578 -2.57664347 -1.20709336 0.563293695 -0.44242841 -1.41235209 -1.24283659 -1.15909457 0.120048165 -0.585974395 -0.584814608 -2.04626918 -1.01839709 -0.219093919 -inf 1.58608401 -0.575004458 -1.80866647 -2.18610764 1.5301528 -1.8645215 -2.02546501 -2.22045207 -0.487334609 -0.593016207 0.119857788 1.43640316 -0.335005522 -1.17403984 -1.32383192 -1.59995699 -0.628197312 -1.76068771 -0.497791827 -1.39373088 -1.66158402 -2.85668373 0.382237315 -1.71697998 -0.348444402 0.0145434141 -inf -2.93403387 1.53365302 -0.561509371 0.889316022 0.669033766 0.971210837 1.8261143 -inf -0.285574675 0.94276309 -1.34483075 -3.19287777 0.711204946 -1.60617805 -0.425260603 -inf -1.20642328 -0.537693083 -0.792419553 0.0381593108 -1.4005878 -1.37702489 -inf -3.35998154 0.157146811 0.579610109 -0.939917803 -2.14256358 0.0729199648 -0.193553701 -0.843322694 -inf -2.20021987 -inf -1.98502374 -0.812183619
ub 300 -0.66073668 0.145062566 1.51340413 1.0012207 0.667354107 1.15252948 0.153805196 0.607875109 inf 1.89998937 -0.00674009323 2.13675737 2.24160433 1.99516463 -0.00718903542 2.68454528 -1.02883339 inf -0.793238401 0.764622569 0.0631425381 1.27819538 inf 0.124148816 inf -0.0350414515 -0.228649274 2.51008773 2.58676243 2.59911537 1.70552874 0.683923721 -0.282925189 0.672500134 1.90951169 inf inf 2.25234699 -0.630207419 inf 1.68500376 0.314992011 3.07776475 -0.605995595 0.335886091 1.84995532 2.28660083 1.23377812 -0.757342637 0.898280442 3.367064 0.469317466 -0.399554551 -0.512838364 -0.788610816 -1.75353515 -0.0351165533 1.96243358 0.594395638 0.823360264 0.142335713 2.10179853 -0.673568308 0.696620584 1.19749415 -1.39736605 0.0661017895 2.10807681 1.48122358 0.538343966 0.513476729 0.040437907 2.70978999 2.14012384 -0.0149000073 1.8366158 2.52674294 1.1295166 2.08772993 -0.0098747015 1.68220472 -1.23726022 -0.113844752 0.973127425 1.19586372 -1.36635602 inf 2.40241146 -1.56455636 1.37860382 2.0118947 -1.10097718 1.03872192 0.329710305 -1.49117041 -1.05260122 2.08782268 inf 2.3821013 -0.0580127239 2.54230189 -0.116360962 1.58242226 inf -0.464923501 1.24752831 -0.121887922 -0.426146865 0.821250379 -1.35727477 2.35385847 0.4684636 2.18210959 1.023507 inf 2.48717141 inf 0.0442230701 -0.815441847 2.54312563 0.584885597 0.924507916 inf 0.787647247 1.97052217 0.641537011 0.989327848 1.71726298 inf 2.09259701 2.36637902 -0.0145334005 0.349911034 0.813148856 -0.00878481567 -1.23205876 1.44200325 1.14197552 2.29096651 0.47687608 0.475699872 -0.822297931 1.92890596 -0.210144535 -1.48379087 0.310043931 2.85598278 -1.36271417 2.34192204 0.0722503662 1.16465926 0.953556716 0.853634536 -1.97041261 -1.44168568 0.334182173 -0.707086861 -0.978735089 1.00827098 0.432052225 0.205077738 2.06395674 -0.729819238 -1.64153063 0.663181186 inf 0.576866984 -1.31452727 0.59601295 -0.260816634 0.159714818 inf 0.552877486 -0.969204903 1.92743516 inf 1.15860224 0.556408763 -0.425109804 0.0951273441 2.19776201 0.0988377035 -0.366499305 0.430907726 3.00132608 2.43838024 -1.28405237 1.13681412 inf 0.552928686 0.113921911 -1.13835359 -1.7749207 -0.356122553 1.99878788 0.831604183 -0.358641744 1.82087815 1.74243176 -0.332922697 0.00526225567 0.0286516547 1.14522219 1.23214102 0.747953117 2.04971147 -0.662614584 inf inf 0.46446389 0.75062865 0.335154027 -0.981562138 3.06956601 -0.221172452 -1.21826386 0.813163161 -0.113548458 1.32866037 1.77575684 1.45506144 1.82509243 2.07160878 0.331321359 -0.62025857 inf -0.44242841 0.760308743 0.344821364 -1.15909457 0.120048165 0.171514317 0.247409001 -0.726041257 -0.680402398 2.25073576 inf 2.08042526 0.961602688 1.06248355 -0.600002527 1.5301528 0.238183737 0.489072978 -1.74585259 1.74882114 1.97688723 2.47024059 1.43640316 2.66647243 -0.752593875 0.334462315 0.452471912 -0.628197312 -1.76068771 1.58009028 -1.39373088 1.17792904 -1.05157542 2.90786648 -1.09484315 -0.348444402 2.36829042 -0.382592529 -0.722982645 1.76249886 -0.561509371 2.8073678 0.669033766 1.95808899 1.8261143 -1.78436744 2.77843094 2.15735745 0.347278088 -0.590296865 2.2775445 0.352361858 2.28743172 inf -0.295004398 -0.537693083 1.5410558 1.47443247 0.841591358 -1.37702489 0.306590796 -0.294053316 2.42968702 3.34218454 -0.939917803 0.866738975 3.22883749 0.48778218 -0.843322694 inf -0.913796008 inf 1.15523696 1.78111267
x 300 -2.41097116 -0.614995122 1.17692077 0.774248958 -1.15444887 1.15252948 0.153805196 0.312192619 -1.08280444 -0.410196394 -1.18233323 1.46657562 1.36648273 1.66103423 -0.974067926 2.68454528 -1.02883339 -0.162524119 -2.8567605 0.764622569 -1.51647246 0.00370577164 -1.54009807 -0.206091926 -0.179469109 -0.0350414515 -0.228649274 -0.609198093 0.974764466 1.74451101 1.70552874 0.487602293 -0.677538931 0.119080499 0.828135252 0.89893496 -0.182826653 0.540347874 -0.630207419 0.777693093 1.68500376 0.314992011 2.0878427 -0.605995595 0.00113460969 -0.655229986 1.61725056 -0.133181602 -0.757342637 0.898280442 2.86403513 0.469317466 -0.843059599 -1.04312611 -0.788610816 -1.75353515 -1.31963718 1.85832608 0.124508336 0.823360264 0.142335713 1.57368052 -0.673568308 -1.94110465 0.448619425 -1.39736605 -0.70605576 1.48103249 1.11081445 -0.927696764 -0.985862911 -0.208786756 1.00194192 0.820978343 -0.0149000073 1.03777492 0.770046353 1.1295166 1.91878796 -2.8822031 -0.661792755 -1.48520017 -0.456462234 0.973127425 -0.139909208 -1.36635602 0.453427911 2.40241146 -1.8900522 1.37860382 1.38011694 -2.33009863 -0.495294243 -1.49454832 -1.58576369 -1.31371081 0.674346983 1.56222653 1.75780821 -2.12871289 2.54230189 -0.373584419 1.17480969 -0.664218485 -0.846766353 -1.65631843 -1.90086854 -2.60851526 -0.616278887 -2.54619813 0.816763103 -0.141396403 2.00083804 0.243851602 0.686787665 1.55238104 0.264334172 -2.26619291 -0.815441847 1.50585067 0.584885597 -0.551623285 1.88892412 0.734037876 1.0573442 0.274528682 0.426939338 1.71726298 1.97913241 1.32286882 1.51646686 -1.95290542 0.349911034 -1.01802528 -0.47148335 -1.23205876 0.821157992 0.529526889 1.26738286 0.347989082 0.475699872 -0.822297931 1.92890596 -0.277517051 -2.71416569 -0.154587016 2.85598278 -1.36271417 2.34192204 -1.09075999 0.209441036 0.0403725505 -0.451993823 -1.97041261 -1.67631829 0.334182173 -0.707086861 -0.978735089 1.00827098 0.432052225 -0.00735921832 0.773746967 -0.729819238 -1.64153063 -0.483551264 -0.567584276 -0.426122218 -1.31452727 0.59601295 -1.69582367 -0.398984849 1.50513518 0.552877486 -2.56939936 1.92743516 0.440332025 0.464187115 0.34289059 -0.425109804 -2.9149406 2.00197721 0.0988377035 -0.624135375 -0.603626311 0.535275221 2.23788953 -1.66558993 0.2505036 -0.00964991748 0.552928686 -0.91282475 -1.23620582 -1.7749207 -0.657087505 1.99878788 0.831604183 -0.72978127 0.478150338 1.16440725 -0.838290215 0.00526225567 -0.156202286 1.14522219 0.659857213 -0.866407156 1.63662553 -0.890258014 0.704073846 -0.220158666 0.46446389 0.521691144 0.335154027 -0.981562138 0.897072315 -2.7148366 -1.21826386 0.778525174 -0.113548458 0.193314284 1.77575684 1.45506144 -1.29022205 -0.282299578 0.331321359 -1.15239882 0.563293695 -0.44242841 0.522809923 0.344821364 -1.15909457 0.120048165 -0.231987596 0.034286283 -0.93390578 -0.952379107 0.57021451 0.159991652 1.96665645 0.961602688 -1.20306826 -1.29397011 1.5301528 -1.50275254 0.489072978 -2.22045207 -0.487334609 1.63361025 1.43185794 1.43640316 -0.335005522 -0.939886928 -0.677174449 -1.59995699 -0.628197312 -1.76068771 -0.205493405 -1.39373088 1.17792904 -2.85668373 2.14146447 -1.16941476 -0.348444402 2.36829042 -0.382592529 -0.722982645 1.76249886 -0.561509371 2.37224245 0.669033766 0.971210837 1.8261143 -3.19273067 1.05736899 1.33677804 0.224936113 -0.590296865 0.840058565 0.352361858 -0.425260603 -0.00658163754 -0.295004398 -0.537693083 -0.792419553 1.25066471 0.841591358 -1.37702489 0.306590796 -1.20574796 2.21378398 2.94444561 -0.939917803 -2.14256358 1.55311465 0.14954266 -0.843322694 -0.369294405 -0.913796008 -0.0507581085 0.0136232078 -0.0444980785
g 300 -0.467731774 -0.442565709 -0.558414996 -1.36305928 -0.441687733 1.96819389 -0.749715328 -0.681525588 1.19048059 -1.76810086 1.7658596 -1.98991346 -1.13162565 0.559970975 1.61038363 0.507286906 -1.76157057 0.611654103 -1.97995579 -0.856446326 1.3039794 0.773745716 -0.492924392 -0.668187439 -1.56732917 -0.933466256 0 0.355346739 0.598946333 0.918950617 -0.937679827 1.91965926 -1.3152709 -1.41271627 -1.32063699 -0.680680573 -1.87782514 1.98718464 1.44952226 -0.337487817 1.12989044 -1.37950301 1.93283916 1.52367628 -0.318107426 1.0746789 -0.120807692 -0.44937402 1.15941727 1.01766849 1.43800128 1.37083733 -1.72568727 -0.966683984 1.68569386 -0.097695142 -0.740192294 0.539982677 -0.626816809 1.09681451 1.65417254 -0.503600955 0.00809877086 0.604433537 1.88765764 -0.670093179 1.48019052 0.151042297 -1.59206688 -1.59969306 -0.821133494 -1.94068885 0.56317091 1.17993867 -0.339882761 1.00512898 -1.27182579 0.978701472 0.245214805 1.11090291 -0.966694355 -0.585302293 1.11141384 0 1.96474218 -1.86280894 0.407173455 -1.38342929 0 -1.96395826 1.87612736 0 -1.46878064 0.873987317 1.40284121 1.29678142 0.16179499 -1.8150996 -1.67286503 0.319791108 -1.27135372 -1.72572005 1.12699068 1.57532847 0.25955677 0.864656746 -1.85336721 0.893673718 1.11134541 0.934060395 0 -1.35159099 -0.68374753 0.963533103 -0.360345036 -0.0343365297 -0.0290791653 0.527102053 1.16903293 1.51382279 -0.0273465663 -0.190661594 -0.785595238 0.995614827 1.02152026 -1.80353665 0.714833081 -0.106595226 -0.81357044 -1.22744489 0.509497821 -0.11226102 0.178812519 -1.17447376 1.38755071 0.651691675 0.21713151 0.728912532 1.84837317 -0.0893380642 1.45355988 -1.32514942 -0.221924692 1.05659223 0.753083646 1.98740268 1.48217857 -1.55945659 1.41535258 -0.534436226 -0.898537695 -1.85279179 0.786656618 -0.41202572 1.83248401 -0.924455583 -1.09582889 -0.578477323 -1.01722372 1.52753472 -0.199310586 1.14745057 1.21894741 0.0793474466 -0.0631878898 0.805301785 1.93424261 -1.39732862 0.216607481 -0.696403027 1.29876781 -0.388711005 -0.264080882 -0.713223636 1.37210333 0.707299531 0.688821137 -0.182208046 -1.08138609 -0.125163108 1.76738644 1.81090391 -1.89727247 -0.95906204 -0.998656869 1.23756707 -0.485573024 1.51439559 0.163880914 -0.205855206 -0.021003522 -0.918294787 -1.70319653 -1.18048739 0.629552186 1.73982251 1.82963824 -0.459730893 -0.178896755 -0.828436434 -1.09112239 -1.22512615 1.26968396 -0.733465493 -0.525641322 -1.65628994 1.38515317 -0.66991055 -1.63859105 -0.773229837 -0.617652297 1.91172194 -0.930161119 1.58088338 0.492244065 0.605518579 1.83866215 -1.17153001 -1.25188434 -1.40689921 -0.880013585 -1.5761801 -0.765497029 -1.44200218 0.949750721 0.412539959 1.96228051 -1.9516201 -1.88030922 -0.541293263 0.38297689 -0.858885825 -1.56311369 1.76784921 0 0.744072199 -0.351909965 1.60208213 1.07016754 -1.50683165 1.0795871 -0.84074682 -0.208883449 -1.4719919 1.6430999 -1.73019373 -1.16449547 1.66314328 1.89272356 0.21836549 0.491867572 0 -1.97195208 -1.77857506 1.93220627 1.74771845 1.99450815 -0.114545494 -1.47079444 0.842353821 0.629308045 -0.137141854 0 -1.09380937 -0.21767956 -0.072251983 -0.635740757 0 -1.09150231 -0.0163405836 0.270330817 1.70871079 -0.266350269 -0.516520023 0.192414299 -0.833966136 -1.16998899 1.54250228 0.815169752 -0.972237051 1.22811186 -1.03222585 0.546741247 1.69083977 -1.32820201 0 -1.49097013 0.181793973 0.341632605 1.41069996 -0.434710354 -0.739226282 -0.525943398 1.45120108 0.470567673 0.724199057 -0.460846424 0.572815299 1.71044981 0.827873409
s 0 slot 0 300 -0.102835543 -0.0174681172 0.0768244416 -0.125244066 -0.0116353799 0.0327378251 0.0581679083 -0.157147661 -0.231205344 0.078228578 -0.0248731226 0.000714502006 -0.195506454 0.295769453 0.0911655128 0.274002403 0.0820372403 -0.0213692486 0.125261441 -0.00219170097 -0.00942283776 0.139867976 0.076909475 -0.0549507774 -0.0180490147 0.175971687 -0.0410420187 -0.0334324948 -0.0750117749 0.250424087 0.124334216 -0.217797637 -0.242295101 -0.189671621 0.24206692 -0.255831122 0.257412881 -0.196427137 0.184112176 -0.0195320379 -0.136280268 -0.268573284 0.247339278 -0.00202559377 0.0902875811 -0.204840243 0.120816432 -0.20982863 -0.0778697506 -0.226161137 0.214599162 0.146215007 -0.0603912361 -0.146842852 -0.238609031 0.0682423189 0.273230672 -0.163412929 -0.139396086 0.164715186 0.171831936 0.206197426 -0.231552139 0.199233666 0.286420077 -0.268275827 0.0162279215 0.00970247574 0.0376173668 -0.144617826 0.184087694 0.244502604 -0.177204594 -0.253935486 0.0171777103 0.23496893 0.187887326 0.223055989 0.127281785 0.18167907 0.01706779 -0.100902438 -0.252901763 -0.200498551 -0.0888218805 -0.0395262428 0.186521888 -0.0418215655 0.0170958173 0.238762364 -0.0517102368 0.210894585 0.215257883 0.020467665 -0.228382245 0.217113331 -0.0248495303 -0.0126708085 -0.0619096756 0.0426271819 -0.0336704254 -0.0652503595 -0.213542283 0.063204363 -0.15306896 0.165824518 -0.189766124 0.15898937 -0.0165943634 -0.171322241 -0.273774683 0.150115401 -0.227935225 0.0403556675 -0.0444274507 0.0524276048 -0.093077898 0.203387126 0.0581690259 -0.10043779 0.0817574337 -0.213306814 -0.0923769325 -0.230187044 0.109824643 -0.155102253 -0.0183659941 -0.03268262 -0.117339455 0.209059909 -0.254342437 -0.121140569 0.196133077 -0.0256719813 -0.153521866 0.260837764 0.242537886 0.161126852 -0.106798455 -0.0282387249 -0.249625549 -0.182086989 -0.241119206 0.126134858 -0.111020401 0.224081352 -0.138535649 -0.0368020609 -0.044463858 -0.257884592 0.0525360256 0.281042933 -0.0833348632 -0.170141965 -0.136444345 0.00237906771 0.143154785 0.035223797 0.0353063606 -0.193507507 0.247030571 -0.0117628817 0.0418939032 -0.0285553988 0.0633978322 0.0160748605 0.0954327732 -0.0709632933 -0.235067904 -0.247794464 0.0214619096 -0.202760354 -0.275561303 0.145778641 -0.122796774 0.183882371 -0.118385568 0.0914347693 -0.100503899 0.231082976 -0.21718502 -0.284587353 0.00545319309 0.237614825 0.141828209 0.274226785 -0.196818173 -0.0783799514 0.05013014 0.134863764 0.0407020412 -0.137287498 -0.000530227146 -0.285493612 0.195617691 0.0784522668 -0.0715456456 -0.165594012 -0.154389381 0.169820577 -0.105283186 -0.0521903485 -0.0346569531 -0.228895664 0.0872152001 -0.0597299263 0.287153125 0.1400702 0.00974829961 -0.104622237 -0.0544156097 -0.111424267 -0.237877309 -0.143643126 -0.189412922 -0.0376603194 0.0944314897 -0.141845241 -0.11359258 0.010412191 -0.0921620354 -0.0993211418 0.236690745 -0.0241784528 -0.00911351945 0.20404166 -0.144436747 -0.0715789646 -0.00436772546 -0.0626378283 0.190363899 0.104857124 -0.0757166073 0.103805758 -0.286141366 0.113518454 -0.150125787 -0.190660432 -0.220121995 -0.197982222 0.287605733 0.0554621257 -0.152609482 0.299482763 0.288528651 -0.10201516 0.15372023 0.190909788 -0.28901124 0.228766546 -0.0679370314 -0.108406782 0.190629333 -0.0305321347 -0.103547119 -0.183027074 0.133013725 0.0980852321 -0.265483737 -0.148210719 0.151302516 0.202263474 -0.227973223 -0.0249657799 -0.218392104 -0.116805255 0.248041883 -0.0258407779 0.00562852435 -0.275826573 0.253706634 0.109103173 0.287700981 0.294782996 -0.265688628 -0.150565401 0.273685455 0.0467646457 0.157149583 0.234505758 -0.0835283995 -0.105838977 0.132547036 0.143981382 0.0253978409 0.19113262 0.0258381646 0.0827500522 -0.231123447 0.0113420729 -0.297634035 0.201381609 0.0427321605 0.0887360722 0.204144761 -0.18991743 -0.231587619 0.125465915 -0.0678257868 -0.237784281
y 0 slot 0 300 -0.334198177 -0.0454936028 0.308628857 -0.392789692 -0.0334847867 0.0564849339 0.238602459 -0.138859138 -0.874486566 0.293926626 -0.0820186362 0.0109740132 -0.481269956 0.21964483 0.392336994 1.23115325 0.242198929 -0.0498783924 0.247923344 -0.00986460876 -0.0345786326 0.222700477 0.13707003 -0.248803928 -0.0289494805 0.578713179 -0.0463587604 -0.0588178262 -0.269135118 0.819886565 0.62214148 -0.638195574 -0.478797466 -0.145501539 0.65326035 -0.536128521 0.340537935 -0.211643472 0.70249033 -0.0448196009 -0.508590639 -1.12071359 0.134974584 -0.0205401741 0.197683007 -0.435886204 0.13394317 -0.621497035 -0.0986061171 -0.540946901 0.446579486 0.467188895 -0.157769561 -0.643844485 -0.526299953 0.263109088 0.389477491 -0.372362167 -0.362619102 0.164828673 0.352746874 0.121156767 -0.597240269 0.986741781 1.14234591 -0.239159644 0.0208623707 0.0252345186 0.0361341387 -0.650207758 0.742923319 0.732157767 -0.0998440385 -0.709606528 0.0576145537 0.323374003 0.455205321 0.392540336 0.446080476 0.341211736 0.0376820453 -0.401286304 -0.606044054 -0.891518235 -0.0850218609 -0.109394327 0.240821257 -0.0906257406 0.0191891398 0.457390517 -0.133162066 0.705054522 0.750297725 0.0497519337 -1.00180399 0.641867578 -0.0712088495 -0.0131046111 -0.28768298 0.0859116539 -0.0361136049 -0.189080879 -0.926071465 0.132083237 -0.531386137 0.396076679 -0.357337475 0.394557953 -0.0543835759 -0.216840476 -0.36540246 0.411054462 -0.929145217 0.0842325613 -0.0683557764 0.0167046376 -0.433044106 0.94329232 0.19130303 -0.172530591 0.250951082 -0.165008515 -0.32186082 -0.60662359 0.194170043 -0.379107267 -0.0349147879 -0.0870847851 -0.475024015 0.492885083 -0.410345852 -0.409021437 0.28623116 -0.0343781449 -0.108696908 0.949181318 0.644483149 0.381206334 -0.320820838 -0.0467383899 -0.341383517 -0.174506336 -0.71085012 0.567088068 -0.547479272 0.277973264 -0.647178411 -0.106567085 -0.0814104527 -0.46630767 0.157208845 1.29128027 -0.0555391647 -0.371413738 -0.302589417 -0.0114428094 0.0899472982 0.104348719 0.123407446 -0.620527029 0.159349307 -0.014533286 0.0305045322 -0.0360666439 0.091407083 0.0227831025 0.289467514 -0.270259678 -0.192145929 -0.705566108 0.0346350372 -0.984834313 -0.685705245 0.443400562 -0.336291194 0.50916779 -0.578920662 0.38850534 -0.447598875 1.16010392 -0.768734813 -1.26420617 -0.00372452056 0.529690325 0.215277642 0.665262043 -0.131058171 -0.29935956 0.0609031096 0.501433611 0.12761642 -0.637522936 -0.00504258461 -1.40488851 0.5090487 0.0793535635 -0.239267364 -0.257043421 -0.458039433 0.559765041 -0.394669265 -0.17583929 -0.0290046409 -0.588307023 0.312984496 -0.145931423 0.714565933 0.192402601 0.0252231881 -0.262127489 -0.107078187 -0.164368257 -0.16241309 -0.691301942 -0.72382468 -0.133414045 0.260406226 -0.338626355 -0.316490203 0.00390137802 -0.0466135032 -0.162039548 0.749767542 -0.0453117304 -0.0337627679 0.686712444 -0.305827707 -0.301808476 -0.00659803068 -0.314549923 0.566906035 0.242208764 -0.174174994 0.154143125 -1.38764369 0.511070788 -0.36238876 -0.159362584 -0.313490063 -0.303370059 0.414408088 0.231257677 -0.28339991 0.314035058 0.327825218 -0.372205377 0.668214977 0.443125635 -0.86610806 1.10895491 -0.172308594 -0.305715203 0.507516623 -0.102055602 -0.328794301 -0.899018884 0.272802174 0.0738491938 -0.829604506 -0.599596381 0.20179826 0.657655537 -0.415133536 -0.101779766 -0.202256516 -0.271142811 0.392172158 -0.134393424 0.0265246164 -0.849058628 0.336030126 0.407270849 1.13656056 1.29591715 -0.215773866 -0.07873182 0.353065342 0.178729355 0.506491005 0.849361062 -0.207165435 -0.127563134 0.190427572 0.34796527 0.062200848 0.931009293 0.0659598932 0.237980783 -0.857370675 0.0143501796 -1.236884 0.158544376 0.194909945 0.101615354 0.284427941 -0.400567383 -0.567871869 0.389032543 -0.166994765 -0.416061759
M 2 2 -0.048021279 0 0 0.038786183
mv_in 0 2 -0.845855892 0.669253588
mv_out 0 2 0.0406190818 0.0259577921
mv_in 1 2 0.031876497 0.144990727
mv_out 1 2 -0.00153075016 0.00562363688
mv_in 2 2 0.768680453 0.0171500482
mv_out 2 2 -0.0369130185 0.000665184906
pg_inf 1.98740268
xcp 300 -2.26595614 -0.477782555 1.35005112 1.0012207 -1.01750851 1.15252948 0.153805196 0.523492034 -1.3575449 0.137983577 -1.72981833 2.08352612 1.71733066 1.48742146 -1.45858073 2.52726663 -1.02883339 -0.352160658 -2.24289727 0.764622569 -1.92075674 -0.236185466 -1.38727236 0.00107214508 0.306463837 -0.0350414515 -0.228649274 -0.609198093 0.974764466 1.45960061 1.70552874 -0.0942201018 -0.282925189 0.557077438 1.23758404 1.10997239 0.399372109 -0.0757565832 -1.07961564 0.88232743 1.33469382 0.314992011 1.48858746 -0.605995595 0.0997602728 -0.655229986 1.65470564 0.0061418062 -0.757342637 0.898280442 2.41819886 0.0443046256 -0.399554551 -0.743416508 -1.31124142 -1.75353515 -1.09014881 1.69091047 0.318845904 0.483305145 0.142335713 1.72981638 -0.676079242 -2.12850253 0.0442912579 -1.39736605 -0.70605576 1.43420351 1.48122358 -0.431729755 -0.73127962 0.040437907 1.00194192 0.455151505 -0.0149000073 0.946569741 1.16436177 0.826081115 1.84276184 -3.20486116 -0.362079941 -1.30373371 -0.801043711 0.973127425 -0.749055631 -1.36635602 0.327188318 2.40241146 -1.8900522 1.37860382 0.798444555 -2.33009863 -0.039915172 -1.49454832 -2.02069898 -1.36910737 0.624184249 2.12497794 2.27646137 -2.12871289 2.54230189 -0.116360962 1.10430837 -1.15263152 -0.927239037 -1.65631843 -1.32625268 -2.60851526 -0.960839149 -2.54619813 0.816763103 0.277649324 2.18210959 -0.0548811009 0.798508628 1.5630267 0.273349843 -2.42961503 -0.815441847 1.03650678 0.584885597 -0.492510782 2.13248917 0.574377894 0.740633224 0.641537011 0.205313306 1.71726298 2.23137086 1.70342443 1.35850273 -1.91810014 0.349911034 -0.653892775 -0.47148335 -1.43410851 0.753838786 0.30353568 0.694315352 0.375687354 0.475699872 -0.822297931 1.92890596 -0.578293979 -2.94765088 -0.770759072 2.39644983 -1.36271417 1.90310775 -0.925063996 0.488022637 0.61481 -0.695887942 -1.97041261 -2.09612036 0.334182173 -0.707086861 -0.978735089 1.00827098 0.432052225 0.0544348081 0.417992704 -0.729819238 -1.64153063 -0.463960563 -0.817259122 -0.708094954 -1.31452727 0.528856214 -1.47991167 -0.801653336 1.62565069 0.552877486 -2.34827232 1.50202981 0.221041687 0.250625797 0.399382165 -0.425109804 -2.87613517 1.45401873 0.0988377035 -0.366499305 -0.306279811 0.844897656 1.85419565 -1.51504342 -0.219017881 -0.060459369 0.552928686 -0.906312842 -1.13835359 -1.7749207 -0.356122553 1.99878788 0.2921916 -1.29704022 0.620684779 1.2198722 -0.581442729 0.00526225567 0.0286516547 0.751570823 0.887260017 -0.703437921 2.04971147 -1.26185429 0.911772148 0.287868232 0.46446389 0.713187356 0.335154027 -0.981562138 0.897072315 -2.7148366 -1.40599815 0.331521034 -0.113548458 0.581447075 1.77575684 1.45506144 -0.801544971 -0.0449657536 0.331321359 -1.20709336 0.563293695 -0.44242841 0.760308743 0.344821364 -1.15909457 0.120048165 0.0343003846 0.247409001 -1.48200773 -0.952379107 0.339523215 0.269097415 1.58608401 0.629809166 -0.735891894 -1.62868406 1.5301528 -1.43799056 0.489072978 -2.22045207 0.0490926802 1.97688723 0.916218901 1.43640316 -0.335005522 -1.09238499 -0.677174449 -0.988575218 -0.628197312 -1.76068771 -0.497791827 -1.39373088 1.17792904 -2.4006803 1.88030206 -1.36452471 -0.348444402 2.36829042 -0.382592529 -0.722982645 1.76249886 -0.561509371 2.37224245 0.669033766 0.976277053 1.8261143 -3.72249741 1.13994793 1.49691932 0.165280203 -0.590296865 1.20280062 -0.125873789 -0.425260603 0.294849627 -0.675766797 -0.537693083 -0.792419553 0.726438681 0.841591358 -1.37702489 0.306590796 -1.26211116 2.1078646 2.5070738 -0.939917803 -1.91337471 1.71617754 -0.193553701 -0.843322694 -0.593824253 -0.913796008 -0.22835311 -0.516682699 -0.301171005
vecc 2 0.40038271 -0.257643354
brk0 94 5 6 16 19 25 26 27 28 30 41 43 45 48 49 55 60 65 66 72 74 85 87 89 93 99 100 105 107 109 118 120 127 132 134 140 141 142 147 153 155 156 157 158 159 162 163 167 172 178 181 189 192 194 200 209 211 212 213 214 217 219 220 223 225 226 228 229 230 241 243 244 248 249 253 254 256 257 261 263 264 265 266 268 270 275 278 281 282 284 285 286 290 294 296
newact 34 95 224 102 75 191 227 71 182 232 166 101 201 123 3 255 125 64 154 8 68 293 237 216 205 193 52 112 206 143 79 246 32 14 31
newact_sorted 34 3 8 14 31 32 52 64 68 71 75 79 95 101 102 112 123 125 143 154 166 182 191 193 201 205 206 216 224 227 232 237 246 255 293
fv 172 17 22 24 35 36 39 59 83 86 88 91 97 103 110 114 116 122 128 144 152 165 171 175 176 188 207 208 234 236 251 262 267 271 279 295 297 11 210 119 98 77 33 57 81 7 111 231 137 250 94 151 23 54 187 117 53 20 108 2 199 29 129 233 63 104 283 38 37 280 58 12 42 203 186 247 10 34 240 260 218 84 69 299 180 82 106 124 40 196 252 18 92 61 44 138 235 150 160 183 161 73 298 177 51 195 145 258 276 277 90 185 135 245 146 126 9 76 21 174 215 238 139 148 239 133 273 78 289 50 1 56 202 70 221 170 169 259 149 173 113 80 130 184 15 197 47 204 222 292 198 13 0 291 4 46 136 288 272 168 96 121 274 242 67 287 131 164 179 115 190 269 62
fv_sorted 172 0 1 2 4 7 9 10 11 12 13 15 17 18 20 21 22 23 24 29 33 34 35 36 37 38 39 40 42 44 46 47 50 51 53 54 56 57 58 59 61 62 63 67 69 70 73 76 77 78 80 81 82 83 84 86 88 90 91 92 94 96 97 98 103 104 106 108 110 111 113 114 115 116 117 119 121 122 124 126 128 129 130 131 133 135 136 137 138 139 144 145 146 148 149 150 151 152 160 161 164 165 168 169 170 171 173 174 175 176 177 179 180 183 184 185 186 187 188 190 195 196 197 198 199 202 203 204 207 208 210 215 218 221 222 231 233 234 235 236 238 239 240 242 245 247 250 251 252 258 259 260 262 267 269 271 272 273 274 276 277 279 280 283 287 288 289 291 292 295 297 298 299
drt0 300 0.0307427733 0.0290886744 0.0367031418 0.0481173651 0.0290309673 0 0 0.0447948756 -0.0582441964 0.116212596 -0.116065285 0.130791753 0.0743787632 -0.0368054122 -0.102715338 -0.0333426276 0 -0.0402024076 0.130137261 0 -0.0857071193 -0.0508562608 0.0323986175 0.0439181943 0.103016404 0 0 0 0 -0.0604001953 0 -0.123344695 0.0836569923 0.0928541065 0.0868019787 0.044739335 0.123424483 -0.130612394 -0.0952732668 0.0221821822 -0.0742647124 0 -0.127040409 0 0.0209083604 0 0.00794037032 0.0295361666 0 0 -0.0945160231 -0.0901015146 0.0940218102 0.0635375833 -0.110796202 0 0.0486508831 -0.0354916341 0.0411990122 -0.072090719 0 0.0331003597 -0.000532310804 -0.0397278188 -0.0857164227 0 0 -0.009927611 0.0785256833 0.105143597 0.0539709343 0.0528349204 0 -0.0775542504 0 -0.019335239 0.0835937477 -0.064327461 -0.016117321 -0.0684025924 0.0635382649 0.0384703728 -0.073050294 0 -0.129137311 0 -0.026762435 0 0 0 -0.123312893 0 0.0965390692 0 -0.092205045 -0.0117439127 -0.0106343571 0.119301699 0.109952997 0 0 0.0545306421 -0.0149460811 -0.103542177 -0.0170599805 0 0.121816928 0 -0.0730457965 0 0 0.0888365035 0.0384290542 -0.0633304842 0.0236845268 0.00225684934 0.00191129668 -0.0346450248 0 -0.0994995712 0 0.0125316827 0.0516350986 -0.0338474625 -0.0671418266 0.0778047228 -0.0469840891 0 0.0534738347 0.0806767082 -0.0334879452 0.00737862011 0 0.0771950562 0 -0.0428339714 -0.0142714803 -0.0479094942 -0.121488683 0.00587195484 0 0 0 -0.0637638543 -0.0494981976 -0.130626725 -0.0974196799 0 -0.0930273844 0.0351270806 0.0590585078 0.121779107 -0.0517048603 0 -0.088996846 0 0 0 0 0 0.013100158 -0.075418893 0 0 0.00415317299 -0.0529303579 -0.0597774189 0 -0.0142370372 0.0457727303 -0.0853645751 0.025548947 0 0.0468783045 -0.0901847256 -0.0464889287 -0.0452743928 0.0119760533 0 0.00822664029 -0.116165639 0 0.0546181149 0.063036613 0.0656390765 -0.0813420124 0.0319154314 -0.0995372198 -0.0107714594 0 0.00138050599 0.0207443947 0 0.0638037146 0 -0.114353935 -0.120257286 0.0302168965 0.0117584109 0.0544509372 0 0.0391885103 -0.0834529707 0.0482087483 0.0345490148 0.087573045 -0.0787773549 0.0440314499 0.107700259 0 0.040596653 0 0 0 0 -0.0397991358 -0.0947636075 0 0.082283049 0 0 0.103598152 0.0503140965 0 -0.0115950857 0 0 0.050349075 0 0 0 0.0564522952 0.0451814107 -0.116196056 0 -0.048905899 0.0231301119 -0.0806802756 -0.070339284 0.0990400615 -0.0709584068 0 0.013729357 0 0 0.113721061 0.0727737439 -0.109314012 0 0 -0.0323291555 0 0.129611198 0 0 -0.0619664348 0 0 0.0966714311 -0.0553656903 -0.0413627545 0 0 0 0 0 0 0 0 0.00107402337 0 -0.112309044 0.0175064992 0.033949496 -0.0126468833 0 0.076900284 -0.101384598 0 0.0639025717 -0.0807205468 0 0 -0.111134429 0 0 0 -0.0119488373 -0.0224546082 -0.0927215801 0 0.0485873897 0.0345688695 -0.0727354536 0 -0.0475996899 0 -0.0376496356 -0.112423346 -0.0544139311
step_max0 4.71704435
drt 300 0.148122277 0.137806634 0.170948189 0.226971745 0.137369534 0 0 0.215720624 -0.274740458 0.546226373 -0.547125595 0.617338423 0.356673326 -0.181746869 -0.484512806 -0.165696594 0 -0.18915599 0.610748792 0 -0.404277914 -0.243946605 0.150775324 0.208972411 0.486763439 0 0 0 0 -0.292436321 0 -0.581822395 0.394613743 0.44343761 0.40275603 0.218412281 0.575485689 -0.611139294 -0.455189046 0.105260465 -0.346501602 0 -0.606321894 0 0.0961324456 0 0.0341674917 0.145505875 0 0 -0.452201205 -0.429571611 0.443505049 0.304352544 -0.516215048 0 0.222076538 -0.162883069 0.198470183 -0.344785849 0 0.150679671 0 -0.193646869 -0.404328167 0 0 -0.0471390928 0.370409131 0.50068897 0.249243319 0.249224663 0 -0.358742022 0 -0.0912051797 0.389216901 -0.309881624 -0.0798301491 -0.322658062 0.299430882 0.184604905 -0.337598854 0 -0.607133473 0 -0.13146862 0 -0.000468980777 0 -0.580581644 0 0.449343285 0 -0.428321801 -0.0553965569 -0.0494775997 0.56347775 0.520889331 0 0 0.257223457 -0.0705013275 -0.49052909 -0.0760183156 0 0.580333607 0 -0.34430674 0 0.00756035067 0.415001587 0.181271553 -0.300074853 0.113031021 0.00925090812 0.0118580216 -0.169727441 0 -0.466853835 0 0.0649398497 0.246451378 -0.159659982 -0.319998482 0.367008328 -0.221259436 0 0.255923167 0.374855015 -0.150985954 0.0383870531 0 0.365087237 0 -0.20990669 -0.0743385634 -0.230736314 -0.570351415 0.0285045707 0 0 0 -0.300776929 -0.230233071 -0.622757702 -0.455619289 0 -0.437863508 0.173034486 0.277243791 0.566275125 -0.241805323 0 -0.41980207 0 0 0 0 0 0.0551605999 -0.355670476 0 0 0.0178473269 -0.250288368 -0.281972736 0 -0.0608152933 0.223223334 -0.403538019 0.126811069 0 0.217036283 -0.422152891 -0.224743349 -0.210073753 0.0537752614 0 0.0317168757 -0.541918275 0 0.25763607 0.290802332 0.305892362 -0.391783281 0.155969926 -0.467506124 -0.05222292 0 0.00532919873 0.0978522301 0 0.300964952 0 -0.541921195 -0.565542161 0.147234553 0.0599828304 0.252044341 0 0.184853941 -0.392974773 0.234120753 0.160501469 0.413085938 -0.371596277 0.203965679 0.50808997 0 0.193157787 0 0 0 0 -0.186749369 -0.447004139 0 0.391673535 0 0 0.491774968 0.230584127 0 -0.0546945333 0 0 0.23749882 0 0 0 0.263483956 0.213122718 -0.551351827 0.0087678311 -0.234291384 0.113464644 -0.380572438 -0.32592172 0.472992602 -0.342908398 0 0.0690886667 0 0 0.539809658 0.343276978 -0.521421136 0 0 -0.150654571 0.00313232729 0.606312109 0 0 -0.292298421 0 0 0.46405173 -0.256899814 -0.199419728 0 0 0 0 0 0 0.000799619807 0 0.0131007343 0 -0.5333624 0.0740417361 0.151331772 -0.0524786522 0 0.355439442 -0.4799499 0 0.294696892 -0.378630276 0 0 -0.528689974 0 0 0 -0.0587962007 -0.0991357082 -0.437979456 0 0.223877234 0.161874142 -0.343096361 0 -0.219310088 0 -0.181370386 -0.528724862 -0.250194668
sub_L 1 91
sub_U 3 62 83 262
sub_P 168 0 1 2 4 7 9 10 11 12 13 15 17 18 20 21 22 23 24 29 33 34 35 36 37 38 39 40 42 44 46 47 50 51 53 54 56 57 58 59 61 63 67 69 70 73 76 77 78 80 81 82 84 86 88 90 92 94 96 97 98 103 104 106 108 110 111 113 114 115 116 117 119 121 122 124 126 128 129 130 131 133 135 136 137 138 139 144 145 146 148 149 150 151 152 160 161 164 165 168 169 170 171 173 174 175 176 177 179 180 183 184 185 186 187 188 190 195 196 197 198 199 202 203 204 207 208 210 215 218 221 222 231 233 234 235 236 238 239 240 242 245 247 250 251 252 258 259 260 267 269 271 272 273 274 276 277 279 280 283 287 288 289 291 292 295 297 298 299
dg -76.0684912
step_max 1
