# lbfgsb component fixture 01 (LBFGSpp 0.3.0 BFGSMat/Cauchy/SubspaceMin, double)
seed 1592598255
n 37
m 10
npairs 10
ncorr 10
ptr 10
theta 3.23418736
lb 37 -2.19093728 -0.15055573 -inf 0.56919378 -0.181983635 -0.728512585 -0.0183751285 -1.80833781 -0.493831605 -1.38832998 -1.63932645 -1.96482038 0.521380424 0.185345531 -1.54444587 -2.92299128 -1.60303855 -1.36410344 -0.721844912 -1.3856442 -0.584260523 1.69692588 0.324936926 1.61297774 0.316403389 0.424648881 -0.665663481 -2.94036436 -1.04261088 -1.21266496 0.0932440162 -2.87225986 -2.44539785 -0.708289146 0.906114936 -inf -1.52243257
ub 37 -1.5856961 1.91924608 inf 0.56919378 -0.181983635 0.912721813 0.873863578 -0.507761598 1.25962663 0.706391811 1.24729788 0.850653231 2.03700399 2.19391966 -1.54444587 0.163511276 1.20611286 inf 2.3300066 0.640075743 2.14728284 1.69692588 0.324936926 1.61297774 0.726722598 3.05736017 1.48003459 -0.923692822 1.42387557 -1.21266496 1.993402 -0.201027632 0.163727045 2.22959161 1.79701197 inf -0.80188632
x 37 -2.19093728 0.301678896 0.331101656 0.56919378 -0.181983635 0.237751618 0.873863578 -1.80833781 -0.493831605 -1.38832998 1.24729788 -0.257399172 1.78158939 2.19391966 -1.54444587 -2.92299128 0.532337964 0.494747818 0.964814126 0.235975176 2.14728284 1.69692588 0.324936926 1.61297774 0.511672616 2.75998592 0.262003511 -1.15455711 -0.193417475 -1.21266496 1.70136297 -2.87225986 -2.06506848 2.22959161 1.49032915 -0.317677677 -0.80188632
g 37 0.173077375 0.0819769129 -0.181263998 -0.159413308 0.130777046 0.140092179 0.187698185 -0.061212495 -0.0481909849 -0.0865103826 0.0845880508 0.184169561 -0.0836070925 -0.00648529083 -0.0864853561 -0.173306018 0.0466301851 -0.0754895061 -0.179435953 0.160528734 0.05883139 -0.0401429124 -0.156718418 -0.0493286476 0.039527826 -0.0972642452 -0.19420743 -0.164386749 -0.146888584 0 0.0678028166 -0.145413682 -0.121540442 0.0143738417 0.194113389 -0.0347130708 -0.0145301428
s 0 slot 0 37 0.0202888623 0.212780029 -0.0993545502 0.136739761 -0.190201387 0.261560678 -0.186010569 0.15049237 0.264182955 0.291184723 -0.0367483906 -0.0623884238 -0.287622452 0.0419170372 0.290740967 -0.200951993 -0.137584314 0.0185973104 -0.0311075449 0.237907231 0.292059928 -0.105040662 -0.0926836058 -0.027306376 -0.268393695 -0.0765602365 0.247617781 0.0130745173 0.107927978 -0.0734477639 -0.050127849 0.287967324 -0.169029236 -0.0306120031 0.0802332535 0.0358494408 0.276481569
y 0 slot 0 37 0.0334216803 0.632530987 -0.188410208 0.486785442 -0.816419899 0.561688364 -0.536953807 0.602830648 0.965354383 1.16914082 -0.0877454653 -0.175124437 -0.703398168 0.054533951 0.452284217 -0.866808534 -0.124624088 0.0512646586 -0.148628011 0.191087469 0.771454036 -0.0859895647 -0.415936559 -0.0845886245 -0.904287636 -0.230403736 0.300576001 0.0614599213 0.132995665 -0.0609304532 -0.198887244 1.11405671 -0.131435037 -0.0791578442 0.10886652 0.0197431035 0.677738726
s 1 slot 1 37 0.0730219483 0.147787705 -0.0261816476 -0.252155632 0.120783649 0.222383037 -0.279150367 0.0580408536 0.288452446 0.10536018 0.103278615 0.260299623 -0.187325805 0.289366812 0.0218668524 -0.113688618 0.0454762131 0.204645395 -0.234122798 0.281746894 0.00621510437 -0.251858085 0.0189376418 -0.239686742 0.202545032 0.156088009 -0.262849659 0.219424665 -0.0469880961 0.214815006 -0.107041642 -0.0468417071 0.206712246 -0.173526123 0.056830056 0.102718472 -0.187864259
y 1 slot 1 37 0.0883509666 0.439779639 -0.0555830933 -0.862117112 0.505882621 0.469321847 -0.816782832 0.238493323 1.04755461 0.423584372 0.23070325 0.779616237 -0.452989429 0.325088054 0.0377674364 -0.496507198 0.0449528806 0.480787486 -1.17445207 0.223709747 0.0113872821 -0.174860954 0.0750639513 -0.821358204 0.679450154 0.482817888 -0.321140796 0.981525004 -0.0514469743 0.210249946 -0.425821185 -0.188717455 0.158719435 -0.509394228 0.0820776895 0.0945946872 -0.456687778
s 2 slot 2 37 -0.0916348919 -0.223648071 -0.0181621462 -0.0317565352 0.063768886 -0.293883741 -0.180747643 -0.113196418 -0.0744764209 0.0425285064 -0.29714483 0.239026919 -0.247550622 0.26949513 0.122514881 0.0910716653 0.235400125 -0.210257679 0.116004907 0.179331914 0.271265507 -0.0933358893 -0.245673373 0.112970367 -0.0346309282 -0.0222218931 0.165443182 -0.231342226 -0.240185469 0.237033755 0.0595609359 -0.0358113833 -0.155328155 0.0121740783 0.151498526 -0.0884198621 0.0812190175
y 2 slot 2 37 -0.104876101 -0.660030723 -0.0247685947 -0.115663379 0.269681364 -0.611571133 -0.528077424 -0.470530987 -0.264829844 0.170321047 -0.667675197 0.714620769 -0.600879312 0.287319869 0.186180145 0.401382774 0.1941109 -0.491849869 0.592102587 0.157228813 0.727526546 -0.0684137493 -1.07858193 0.389041424 -0.120342508 -0.0613251068 0.207377568 -1.03392458 -0.295185387 0.239684105 0.235593572 -0.143151164 -0.120306797 0.0457164235 0.227540374 -0.0886703879 0.20145452
s 3 slot 3 37 -0.253272176 0.245911688 0.120984457 0.168652758 0.221247122 -0.00956107397 -0.152829558 -0.229397207 -0.174157754 -0.21234493 0.264257759 -0.0228708927 -0.164088935 -0.249803483 0.254068553 -0.0174754076 0.130449966 -0.0219485015 -0.285678297 -0.20046328 -0.192354441 0.0803853646 0.0452658981 -0.0407619923 0.268274963 0.000610867632 -0.184016854 0.251175582 -0.161992922 0.145615324 -0.288500577 0.115231015 0.128576979 -0.115035899 0.00598528795 -0.224159285 0.231168255
y 3 slot 3 37 -0.271560103 0.722316861 0.227595031 0.583624542 0.939696193 -0.0270232875 -0.452786624 -0.923522949 -0.638983846 -0.848225892 0.594295859 -0.0725444555 -0.388855517 -0.270682275 0.388961643 -0.0808104128 0.122359999 -0.0488142706 -1.43675411 -0.169993117 -0.512061596 0.0618595444 0.196011543 -0.142873481 0.903241634 -0.00504210824 -0.227555141 1.12067616 -0.192362502 0.13442564 -1.15398741 0.457397878 0.099842526 -0.345956147 0.0146456836 -0.21421653 0.557856023
s 4 slot 4 37 -0.173493624 -0.0292893033 0.158626646 0.291933119 0.166740209 -0.221627668 0.248825461 -0.15887168 0.175620735 0.137813821 -0.0180788171 -0.0223060083 -0.0546260364 -0.188926458 -0.050631281 -0.228951469 0.24910371 -0.171676025 0.00389932864 -0.116131693 -0.138295814 0.180346951 0.210932806 0.00737160072 0.193893135 -0.257537067 -0.145140275 0.139885351 0.0622019842 0.139980406 -0.136944041 -0.0255955588 -0.175295338 -0.164978743 -0.214444086 -0.266932756 0.2500346
y 4 slot 4 37 -0.177823007 -0.0805636495 0.310534954 1.02019989 0.69847995 -0.458415419 0.735748649 -0.649477065 0.640275061 0.554976344 -0.0430630259 -0.0600137636 -0.137461111 -0.199226722 -0.073141709 -0.988727152 0.216827765 -0.389649928 0.0209598802 -0.101152875 -0.380974591 0.114270583 0.928295314 0.0316129848 0.647791266 -0.796357632 -0.175363988 0.626305938 0.0780906454 0.142254278 -0.546589136 -0.109021217 -0.135481074 -0.478213161 -0.334106833 -0.271093339 0.610559106
s 5 slot 5 37 0.259396672 0.0977142826 -0.0818246603 0.297597826 0.0842752978 -0.298320085 0.0138841048 -0.129360735 0.0247304477 0.0366246477 -0.143077672 0.264065713 -0.0207839794 0.0392418094 0.0620516315 0.168095872 -0.161035985 -0.0886383057 -0.266280949 0.0580997095 0.0662317052 0.231108874 -0.105915941 0.0778205916 -0.169305757 0.137662426 -0.226663977 0.225031734 -0.215205848 0.0604850538 0.267874092 -0.187371388 0.182151496 -0.0869726241 -0.0780508518 0.152807981 -0.240755513
y 5 slot 5 37 0.294596344 0.295962542 -0.167207494 1.04626453 0.348438531 -0.622812271 0.0448003225 -0.521480262 0.0860386118 0.152750626 -0.318903416 0.792787492 -0.0528682731 0.0571506694 0.101813532 0.711893737 -0.131656557 -0.191495657 -1.33868611 0.0339236483 0.170117766 0.151569158 -0.483059257 0.275778383 -0.566325188 0.424304664 -0.280334026 1.00836039 -0.251034319 0.0588592216 1.07737672 -0.742136121 0.139840275 -0.257694453 -0.125389129 0.14046137 -0.58548522
s 6 slot 6 37 0.212072745 0.0795102417 -0.140592799 -0.177241221 -0.155834258 -0.253837675 -0.272825867 0.0966731533 -0.287466109 -0.0991384014 -0.0207969397 0.169176057 -0.252938032 0.19477129 -0.140965551 0.157456502 0.129683807 -0.0763815194 0.132234141 0.133257836 -0.0338039994 -0.104070239 0.096228309 -0.21059376 -0.198022217 -0.173531264 -0.129065111 -0.176352039 0.0131602632 -0.154787436 0.0280158687 -0.131560236 -0.291160047 -0.24230732 0.101455092 -0.110335447 0.00594313303
y 6 slot 6 37 0.226193845 0.231491894 -0.286067426 -0.61691618 -0.652510107 -0.544858217 -0.808461487 0.406793833 -1.05361307 -0.402018189 -0.0394674279 0.495942384 -0.598370433 0.213203028 -0.218699574 0.671319067 0.124940641 -0.176284671 0.645992935 0.105569243 -0.0801494345 -0.0578703359 0.422100186 -0.731394112 -0.657434583 -0.549080193 -0.163226917 -0.786390781 0.0186647456 -0.164297357 0.113427259 -0.50456351 -0.222008616 -0.723300934 0.164742544 -0.0972303078 0.00784855429
s 7 slot 7 37 0.298957795 0.10569191 0.0342137888 -0.290993869 0.257732093 -0.0713265836 0.0403930619 -0.171186268 -0.0571527667 -0.169045508 0.109095328 -0.0382086188 0.242074549 0.199972272 -0.0838805214 0.1409536 0.103588827 0.0498011187 -0.111330137 0.0811466426 -0.145600349 -0.279189467 0.0809105188 0.0722319633 0.226211265 -0.102010563 -0.0224754754 0.146812633 -0.126456082 0.279512584 -0.2469832 0.169586763 0.0281103626 0.0641188249 0.143684536 0.264834702 -0.251482338
y 7 slot 7 37 0.308504522 0.302014232 0.0607554056 -1.02234042 1.10369313 -0.163857847 0.108337931 -0.685911179 -0.212246329 -0.684905052 0.249932289 -0.126072243 0.595092058 0.20855312 -0.135895655 0.608882666 0.0954516381 0.105549134 -0.563403428 0.0728314295 -0.375466406 -0.173290506 0.364605457 0.238231376 0.763464808 -0.324663758 -0.0293784328 0.651066065 -0.155749574 0.261218905 -0.991245389 0.680986881 0.0233462676 0.175954357 0.233483076 0.27693212 -0.617638767
s 8 slot 8 37 0.264925003 -0.125566214 -0.296904445 0.288686901 -0.00625742413 0.0777753294 -0.135180265 0.063895531 -0.245196104 -0.290795684 -0.164620623 0.291084766 -0.250825346 -0.248654544 -0.00525434734 -0.0428216793 -0.249327198 0.0626003966 -0.248246104 0.0262797419 -0.226446092 -0.119232863 -0.160133883 -0.283344954 -0.0450676158 -0.237869024 0.281586558 -0.055032745 -0.185600251 -0.142253816 0.234829932 -0.0533393137 -0.0112704253 0.176901683 -0.289756536 -0.0789480954 -0.227372393
y 8 slot 8 37 0.305970758 -0.35609439 -0.579660237 1.02234817 -0.0422236845 0.176756218 -0.386026144 0.254923493 -0.891853929 -1.14141345 -0.372173041 0.881095409 -0.61545974 -0.254077196 0.00221137842 -0.194004804 -0.215446025 0.160985216 -1.23995686 0.0074481843 -0.627860308 -0.0976752341 -0.723675013 -0.963087797 -0.154412135 -0.733952224 0.336352915 -0.239204019 -0.215367287 -0.129775241 0.945268035 -0.227234691 -0.0101142218 0.524456084 -0.457092315 -0.0973942056 -0.54796797
s 9 slot 9 37 -0.000453047396 0.289990306 -0.0582040213 -0.155385286 -0.142084971 0.182914212 0.0486311056 -0.0752636269 0.0152542349 -0.100395449 -0.202261209 0.236042693 0.087929897 0.283145487 0.173130408 -0.169050619 -0.219722345 0.00169327168 -0.126093313 0.0600720234 -0.280786991 -0.0598862842 -0.108841822 0.28752178 0.213289633 0.149655864 -0.0160065107 0.243681327 -0.0789198577 0.17791222 -0.182833433 0.0852346346 0.0649847388 -0.210334003 0.164025143 0.140987456 0.0425414778
y 9 slot 9 37 0.021443313 0.86550349 -0.110167734 -0.512732506 -0.619692206 0.401625454 0.156227514 -0.315462351 0.0585281327 -0.381521255 -0.458558321 0.719979167 0.196426496 0.32705453 0.276759028 -0.735371828 -0.193468556 0.0205866229 -0.625250816 0.0365268216 -0.77795428 -0.0618331432 -0.495519787 1.00671446 0.70941025 0.472304285 -0.0199079067 1.0928911 -0.0875684172 0.187840015 -0.727715552 0.311941028 0.0478929952 -0.603603184 0.229680538 0.114283934 0.110456727
M 20 20 -0.232315452 -0.0354116556 0.00854207579 -0.0294348591 0.0149648363 0.0127048243 0.00470260346 0.0211469636 -0.00628062701 -0 -0.0852150194 0.0797238856 0.0235801306 -0.0341151621 -0.00149981336 -0.0612851914 -0.0324072671 -0.149021149 -0.00257747558 0.0605128026 -0.0354116556 -0.268960256 -0.0124932657 0.0122889153 -0.00747180576 -0.00248525534 -0.0229485872 0.0249251457 -0.00678269132 -0 0.0308216158 -0.0599790788 -0.0415627742 0.0611787427 -0.0423748918 0.0391572502 0.030631373 0.03605039 -0.0135695847 0.0653501092 0.00854207579 -0.0124932657 -0.354516572 -0.0269153728 -0.019956843 -0.00684845289 0.00264254212 0.000442549594 0.000633072307 -0 -0.00770426134 0.00655177973 -0.0428462995 -0.043262682 -0.00700680976 0.0476792286 0.0832424878 -0.0360813625 -0.0130391593 -0.00609954699 -0.0294348591 0.0122889153 -0.0269153728 -0.199840438 -0.00644525354 0.0187315374 -0.0124000166 0.011806966 -0.0062864786 -0 0.0314981918 -0.0084370048 0.00347858783 -0.0800067249 0.13547338 0.00396378332 -0.0212823428 0.0817166109 0.045776308 0.0605691817 0.0149648363 -0.00747180576 -0.019956843 -0.00644525354 -0.34024494 -0.0102650442 -0.00285420015 -1.82259493e-05 0.00201961486 -0 -0.00835557525 0.00711791682 0.0245590463 -0.000848935835 -0.0236364035 0.00487724829 -0.0835456854 -0.0121707174 -0.0342090818 -0.0194586552 0.0127048243 -0.00248525534 -0.00684845289 0.0187315374 -0.0102650442 -0.32350956 0.0148447265 -0.00152341879 -0.00460664545 -0 -0.0191373268 0.00964492219 0.0116854039 -0.0141594353 0.0159184575 -0.0349482674 -0.0246106163 -0.0209927176 0.0861146984 0.0443842671 0.00470260346 -0.0229485872 0.00264254212 -0.0124000166 -0.00285420015 0.0148447265 -0.365557842 -0.0275809879 0.00554292416 -0 -0.00486767208 0.0295148152 0.00611313247 0.00877541889 0.0022454953 -0.00994684482 -0.0248577934 -0.0119705193 0.0483482916 -0.0534051577 0.0211469636 0.0249251457 0.000442549594 0.011806966 -1.82259493e-05 -0.00152341879 -0.0275809879 -0.349050974 -0.0113676642 -0 -0.0211859809 -0.0270884091 -0.00469033712 -0.0132362534 0.000636337514 -0.00378204126 0.0289900308 -0.0424817611 -0.031679068 0.109525565 -0.00628062701 -0.00678269132 0.000633072307 -0.0062864786 0.00201961486 -0.00460664545 0.00554292416 -0.0113676642 -0.27229873 -0 0.00737906777 0.00656607986 0.000199829532 0.00561546899 -0.00287915398 0.00577729606 -0.00622336371 0.0121556148 -0.00353891624 -0.0353223986 -0 -0 -0 -0 -0 -0 -0 -0 -0 -0.373110728 -0 -0 -0 -0 -0 -0 -0 -0 -0 -0 -0.0852150194 0.0308216158 -0.00770426134 0.0314981918 -0.00835557525 -0.0191373268 -0.00486767208 -0.0211859809 0.00737906777 0 0.357336186 -0.0655212694 -0.0433861677 0.0280477272 0.0263896371 0.0836807005 0.0226013199 0.131878926 -0.0158780078 -0.0710960977 0.0797238856 -0.0599790788 0.00655177973 -0.0084370048 0.00711791682 0.00964492219 0.0295148152 -0.0270884091 0.00656607986 0 -0.0655212694 0.326919722 0.0125982587 -0.042714056 0.067974024 -0.037836021 -0.0383808702 -0.0610666796 0.0284250772 -0.0632630936 0.0235801306 -0.0415627742 -0.0428462995 0.00347858783 0.0245590463 0.0116854039 0.00611313247 -0.00469033712 0.000199829532 0 -0.0433861677 0.0125982587 0.331513567 0.0395914721 -0.0286343963 -0.0420433787 -0.102544292 -0.0023285539 0.0208381601 -0.0019253245 -0.0341151621 0.0611787427 -0.043262682 -0.0800067249 -0.000848935835 -0.0141594353 0.00877541889 -0.0132362534 0.00561546899 0 0.0280477272 -0.042714056 0.0395914721 0.318738335 -0.142996359 0.0146195628 0.0260683528 -0.0270546981 -0.026994875 -0.0541041151 -0.00149981336 -0.0423748918 -0.00700680976 0.13547338 -0.0236364035 0.0159184575 0.0022454953 0.000636337514 -0.00287915398 0 0.0263896371 0.067974024 -0.0286343963 -0.142996359 0.349878325 0.00209944372 0.0481150948 0.0252289907 0.0456149637 0.0277401725 -0.0612851914 0.0391572502 0.0476792286 0.00396378332 0.00487724829 -0.0349482674 -0.00994684482 -0.00378204126 0.00577729606 0 0.0836807005 -0.037836021 -0.0420433787 0.0146195628 0.00209944372 0.339603006 0.014079072 0.0178995216 -0.0785879896 -0.0556632922 -0.0324072671 0.030631373 0.0832424878 -0.0212823428 -0.0835456854 -0.0246106163 -0.0248577934 0.0289900308 -0.00622336371 0 0.0226013199 -0.0383808702 -0.102544292 0.0260683528 0.0481150948 0.014079072 0.33911845 -0.000936450487 -0.0440707108 0.0599610802 -0.149021149 0.03605039 -0.0360813625 0.0817166109 -0.0121707174 -0.0209927176 -0.0119705193 -0.0424817611 0.0121556148 0 0.131878926 -0.0610666796 -0.0023285539 -0.0270546981 0.0252289907 0.0178995216 -0.000936450487 0.326970716 0.0130151794 -0.117117339 -0.00257747558 -0.0135695847 -0.0130391593 0.045776308 -0.0342090818 0.0861146984 0.0483482916 -0.031679068 -0.00353891624 0 -0.0158780078 0.0284250772 0.0208381601 -0.026994875 0.0456149637 -0.0785879896 -0.0440707108 0.0130151794 0.223776161 0.0340968727 0.0605128026 0.0653501092 -0.00609954699 0.0605691817 -0.0194586552 0.0443842671 -0.0534051577 0.109525565 -0.0353223986 0 -0.0710960977 -0.0632630936 -0.0019253245 -0.0541041151 0.0277401725 -0.0556632922 0.0599610802 -0.117117339 0.0340968727 0.340325469
mv_in 0 20 0.76697737 -0.544147015 -0.53671056 0.918882012 0.356542736 -0.5808599 0.712140799 0.570204616 0.244006246 0.431560099 -0.296380162 -0.0414360613 -0.255324602 0.234462157 0.538711965 -0.475711018 -0.705864131 0.382100642 -0.883462489 -0.979547501
mv_out 0 20 -0.233497594 0.0491647245 0.0993434741 -0.226320061 -0.0123042997 0.138781405 -0.251832398 -0.315655319 -0.0315527366 -0.161019703 -0.0476836433 0.174498931 0.0671101707 -0.0795586992 0.192574337 -0.124687843 -0.337060296 0.130204873 -0.133425065 -0.344776863
mv_in 1 20 -0.854349554 -0.8591187 0.782082975 -0.667632222 0.566948056 0.497549087 0.439876705 0.0726007372 0.793872356 -0.806622207 -0.3091515 -0.372270107 -0.857177258 -0.900188386 0.912126005 -0.330716997 -0.766465664 -0.705515385 -0.946837068 0.580565929
mv_out 1 20 0.462268264 0.167834417 -0.244968377 0.258219621 -0.165144303 -0.18156212 -0.193160954 0.0414505266 -0.235270247 0.300959399 -0.207160583 0.0288151088 -0.261930247 -0.459643851 0.291509157 -0.0419556062 -0.0644577764 -0.287352821 -0.0864155071 0.155982063
mv_in 2 20 0.932645142 0.709522486 0.296403825 -0.86029321 0.978418827 -0.606974244 -0.265243262 0.193726152 0.98220557 -0.514606237 0.412395686 0.477890521 -0.672095001 0.567928672 -0.0907772928 -0.774342954 0.853599846 0.904323637 0.712936223 0.677813411
mv_out 2 20 -0.318249385 -0.126062249 -0.105292593 0.202172857 -0.454211706 0.227427857 0.0715119112 -0.0283768837 -0.287188902 0.192005108 0.0938785351 0.0444925347 -0.261713883 0.1650773 -0.1229539 -0.260811637 0.331064756 0.0333540555 0.0277585717 0.155455125
pg_inf 0.19420743
xcp 37 -2.19093728 0.27644809 0.386890982 0.56919378 -0.181983635 0.19463413 0.816093941 -1.78949786 -0.478999412 -1.36170387 1.22126342 -0.31408277 1.80732193 2.19391966 -1.54444587 -2.86965125 0.517986153 0.517981933 1.02004082 0.186567737 2.12917575 1.69692588 0.324936926 1.61297774 0.499506765 2.78992186 0.321776559 -1.10396225 -0.148208193 -1.21266496 1.68049466 -2.82750452 -2.02766084 2.22516764 1.43058504 -0.306993708 -0.80188632
vecc 20 0.0307159304 -0.0708070992 -0.0399426541 -0.0479926586 -0.028553195 -0.0761124267 -0.0489957769 0.0292708519 -0.192731176 -0.0748339864 -0.00733047261 -0.128878085 -0.0935990476 -0.0433339422 -0.0192367965 -0.0763062358 -0.129526478 -0.00339159715 -0.125758571 -0.094632962
brk0 10 0 3 4 13 14 21 22 23 29 36
newact 0
newact_sorted 0
fv 27 2 17 35 27 34 12 25 6 24 1 26 5 18 11 19 28 15 32 31 7 30 9 10 8 16 20 33
fv_sorted 27 1 2 5 6 7 8 9 10 11 12 15 16 17 18 19 20 24 25 26 27 28 30 31 32 33 34 35
drt0 37 0 -0.124676164 0.275678836 0 0 -0.213061884 -0.285464393 0.0930961996 0.0732921857 0.131570978 -0.128647363 -0.280097816 0.127155454 0 0 0.263575789 -0.0709184133 0.114809666 0.272898619 -0.244143211 -0.0894748503 0 0 0 -0.060116654 0.147926197 0.295364103 0.250010747 0.223398326 0 -0.103119217 0.221155193 0.184847118 -0.0218607334 -0.295221078 0.052794041 0
step_max0 0.923417448
drt 37 0 -0.0321203753 0.0595154711 0 0 -0.0348310344 -0.0466912939 0.0185281817 0.010540247 0.0192702407 -0.0254174871 -0.0597551492 0.0398268778 0 0 0.0471471172 -0.0236800618 0.0265089123 0.0428358629 -0.0678999297 -0.0236401802 0 0 0 -0.0113309071 0.0294743087 0.0714784449 0.0526391311 0.0547910848 0 -0.011350171 0.0400875574 0.0482025513 0 -0.0647424046 0.0193514468 0
sub_L 0
sub_U 1 33
sub_P 26 1 2 5 6 7 8 9 10 11 12 15 16 17 18 19 20 24 25 26 27 28 30 31 32 34 35
dg -0.137706064
step_max 4.38579212
