# lbfgsb component fixture 09 (LBFGSpp 0.3.0 BFGSMat/Cauchy/SubspaceMin, double)
seed 1592661607
n 5
m 10
npairs 1
ncorr 1
ptr 1
theta 2.77645891
lb 5 -1.32586908 0.0277577639 -0.500589013 -0.273743391 0.368199378
ub 5 1.16693854 1.90867066 1.3408823 2.24507499 0.878138542
x 5 -1.32586908 1.35308111 0.385206878 1.66817212 0.368199378
g 5 -9.7695055 22.0646458 -49.597271 -20.7097473 36.7442055
s 0 slot 0 5 0.149728507 0.240239948 -0.129716098 0.212262824 0.196537375
y 0 slot 0 5 0.556836188 0.232741416 -0.0546429902 0.556801736 0.635804832
M 2 2 -2.567237 0 0 1.99383237
mv_in 0 2 -0.142862156 -0.0770774633
mv_out 0 2 0.366761013 -0.153679541
mv_in 1 2 -0.206566259 0.388778269
mv_out 1 2 0.530304544 0.775158699
mv_in 2 2 -0.239643797 0.945402384
mv_out 2 2 0.615222424 1.88497388
pg_inf 2.49280763
xcp 5 1.16693854 0.0277577639 1.3408823 2.24507499 0.368199378
vecc 2 1.34862742 0.148088814
brk0 1 4
newact 4 2 3 1 0
newact_sorted 4 0 1 2 3
fv 0
fv_sorted 0
drt0 5 0.821109239 -0.436550029 0.314791206 0.190026807 0
step_max0 3.03590254
drt 5 2.49280763 -1.32532334 0.955675423 0.576902866 0
sub_L 0
sub_U 0
sub_P 0
dg -112.942693
step_max 1
