# lbfgsb component fixture 00 (LBFGSpp 0.3.0 BFGSMat/Cauchy/SubspaceMin, double)
seed 1592590336
n 5
m 10
npairs 3
ncorr 3
ptr 3
theta 3.90790711
lb 5 -2.39839768 -2.38306379 -1.50065565 1.68606913 -2.38627768
ub 5 -0.703003228 -0.859462619 -0.172980428 2.01857805 0.474827886
x 5 -1.88186896 -1.66879916 -1.50065565 1.68606913 -2.12409234
g 5 0 13.3783474 -16.0078087 2.13257194 4.85335112
s 0 slot 0 5 0.17676416 0.168862522 -0.103404529 -0.15572755 0.230449066
y 0 slot 0 5 0.749408066 0.782842457 -0.133642554 -0.249547049 1.15463591
s 1 slot 1 5 0.132551163 0.299916089 0.27865997 -0.0341445096 -0.210493311
y 1 slot 1 5 0.51816678 1.42312086 0.527659893 -0.0993835479 -1.00005078
s 2 slot 2 5 0.198959783 0.207821742 0.220373556 -0.221167222 0.134876281
y 2 slot 2 5 0.857593894 0.978622317 0.476596743 -0.387790769 0.717360854
M 6 6 -0.8416939 0.517325095 -0 -0.834354516 -0.551652043 1.10149994 0.517325095 -0.856341984 -0 -0.50106141 -0.402783471 0.662801685 -0 -0 -1.51158651 -0 -0 -0 -0.834354516 -0.50106141 0 2.53795692 0.632914627 -1.06687094 -0.551652043 -0.402783471 0 0.632914627 1.62262922 -0.857615402 1.10149994 0.662801685 0 -1.06687094 -0.857615402 1.41125189
mv_in 0 6 -0.210761175 0.540898085 0.272604942 -0.844997406 0.495332181 -0.552979589
mv_out 0 6 0.279885957 -0.714857611 -0.412065953 -1.33627979 0.641575091 -0.177340074
mv_in 1 6 -0.138261735 -0.877804518 -0.896489322 -0.337314934 0.138592079 0.717834413
mv_out 1 6 0.657943951 1.26914935 1.35512116 -0.979017219 -0.174396326 0.519952362
mv_in 2 6 -0.978570938 -0.152869925 0.982556939 -0.735686123 -0.984302521 0.48510626
mv_out 2 6 2.43573379 0.711283589 -1.48521981 -2.11459262 -1.87741501 1.134424
pg_inf 1.32767522
xcp 5 -1.88186896 -2.38306379 -0.172980428 1.68606913 -2.38627768
vecc 6 -1.03931919 -0.0537252776 -0.254311118 -1.24396704 0.82432901 0.425110762
brk0 1 3
newact 3 1 4 2
newact_sorted 3 1 2 4
fv 1 0
fv_sorted 1 0
drt0 5 0 -0.466766195 0.867625087 0 -0.171336009
step_max0 1.5302407
drt 5 0.167748227 -0.714264631 1.32767522 0 -0.262185335
sub_L 0
sub_U 0
sub_P 1 0
dg -32.0813288
step_max 1
