# lbfgsb trace boxqp_n1000 (LBFGSpp 0.3.0 LBFGSBSolver<double>, MoreThuente)
problem boxqp_n1000
n 1000
param m 5 epsilon 1e-05 epsilon_rel 1e-05 past 1 delta 0.001 max_iterations 0 max_submin 10 max_linesearch 20 min_step 1e-20 max_step 1e+20 ftol 0.0001 wolfe 0.9
niter 5
nfev 8
status converged-delta
f_final -1932.88207
pg_final 0.317474782
xstar_err_inf 0.0404607167
iter 0 nfev 1 f 0 pginf 1
x 1000 0 0 0 0 0 0 0 0 0 0 0 0 0 0 0 0 0 0 0 0 0 0 0 0 0 0 0 0 0 0 0 0 0 0 0 0 0 0 0 0 0 0 0 0 0 0 0 0 0 0 0 0 0 0 0 0 0 0 0 0 0 0 0 0 0 0 0 0 0 0 0 0 0 0 0 0 0 0 0 0 0 0 0 0 0 0 0 0 0 0 0 0 0 0 0 0 0 0 0 0 0 0 0 0 0 0 0 0 0 0 0 0 0 0 0 0 0 0 0 0 0 0 0 0 0 0 0 0 0 0 0 0 0 0 0 0 0 0 0 0 0 0 0 0 0 0 0 0 0 0 0 0 0 0 0 0 0 0 0 0 0 0 0 0 0 0 0 0 0 0 0 0 0 0 0 0 0 0 0 0 0 0 0 0 0 0 0 0 0 0 0 0 0 0 0 0 0 0 0 0 0 0 0 0 0 0 0 0 0 0 0 0 0 0 0 0 0 0 0 0 0 0 0 0 0 0 0 0 0 0 0 0 0 0 0 0 0 0 0 0 0 0 0 0 0 0 0 0 0 0 0 0 0 0 0 0 0 0 0 0 0 0 0 0 0 0 0 0 0 0 0 0 0 0 0 0 0 0 0 0 0 0 0 0 0 0 0 0 0 0 0 0 0 0 0 0 0 0 0 0 0 0 0 0 0 0 0 0 0 0 0 0 0 0 0 0 0 0 0 0 0 0 0 0 0 0 0 0 0 0 0 0 0 0 0 0 0 0 0 0 0 0 0 0 0 0 0 0 0 0 0 0 0 0 0 0 0 0 0 0 0 0 0 0 0 0 0 0 0 0 0 0 0 0 0 0 0 0 0 0 0 0 0 0 0 0 0 0 0 0 0 0 0 0 0 0 0 0 0 0 0 0 0 0 0 0 0 0 0 0 0 0 0 0 0 0 0 0 0 0 0 0 0 0 0 0 0 0 0 0 0 0 0 0 0 0 0 0 0 0 0 0 0 0 0 0 0 0 0 0 0 0 0 0 0 0 0 0 0 0 0 0 0 0 0 0 0 0 0 0 0 0 0 0 0 0 0 0 0 0 0 0 0 0 0 0 0 0 0 0 0 0 0 0 0 0 0 0 0 0 0 0 0 0 0 0 0 0 0 0 0 0 0 0 0 0 0 0 0 0 0 0 0 0 0 0 0 0 0 0 0 0 0 0 0 0 0 0 0 0 0 0 0 0 0 0 0 0 0 0 0 0 0 0 0 0 0 0 0 0 0 0 0 0 0 0 0 0 0 0 0 0 0 0 0 0 0 0 0 0 0 0 0 0 0 0 0 0 0 0 0 0 0 0 0 0 0 0 0 0 0 0 0 0 0 0 0 0 0 0 0 0 0 0 0 0 0 0 0 0 0 0 0 0 0 0 0 0 0 0 0 0 0 0 0 0 0 0 0 0 0 0 0 0 0 0 0 0 0 0 0 0 0 0 0 0 0 0 0 0 0 0 0 0 0 0 0 0 0 0 0 0 0 0 0 0 0 0 0 0 0 0 0 0 0 0 0 0 0 0 0 0 0 0 0 0 0 0 0 0 0 0 0 0 0 0 0 0 0 0 0 0 0 0 0 0 0 0 0 0 0 0 0 0 0 0 0 0 0 0 0 0 0 0 0 0 0 0 0 0 0 0 0 0 0 0 0 0 0 0 0 0 0 0 0 0 0 0 0 0 0 0 0 0 0 0 0 0 0 0 0 0 0 0 0 0 0 0 0 0 0 0 0 0 0 0 0 0 0 0 0 0 0 0 0 0 0 0 0 0 0 0 0 0 0 0 0 0 0 0 0 0 0 0 0 0 0 0 0 0 0 0 0 0 0 0 0 0 0 0 0 0 0 0 0 0 0 0 0 0 0 0 0 0 0 0 0 0 0 0 0 0 0 0 0 0 0 0 0 0 0 0 0 0 0 0 0 0 0 0 0 0 0 0 0 0 0 0 0 0 0 0 0 0 0 0 0 0 0 0 0 0 0 0 0 0 0 0 0 0 0 0 0 0 0 0 0 0 0 0 0 0 0 0 0 0 0 0 0 0 0 0 0 0 0 0 0 0 0 0 0 0 0 0 0 0 0 0 0 0 0 0 0 0 0 0 0 0 0 0 0 0 0 0 0 0 0 0 0 0 0 0 0 0 0 0 0 0 0 0 0 0 0 0 0 0 0 0 0 0 0 0 0 0 0 0 0 0 0 0 0 0 0 0 0 0 0 0 0 0
L 0
U 0
iter 1 nfev 4 f -425.948424 pginf 0.885546255
x 1000 -0.114453745 0.114453745 -0.0464968339 0.0429201544 -0.114453745 0.114453745 -0.0500735135 0.0214600772 -0.114453745 0.114453745 0.0214600772 0.0751102702 -0.114453745 0.114453745 -0.0286134363 0.0858403088 -0.114453745 0.114453745 0.0751102702 0.114453745 -0.114453745 0.114453745 -0.0214600772 0.114453745 -0.114453745 0.114453745 0.114453745 0.114453745 -0.114453745 0.114453745 0.114453745 0.114453745 -0.114453745 0.114453745 -0.114453745 0.114453745 -0.114453745 0.114453745 -0.114453745 0.114453745 -0.114453745 0.114453745 -0.114453745 0.114453745 -0.114453745 0.114453745 -0.114453745 0.114453745 -0.114453745 0.114453745 -0.114453745 -0.114453745 -0.114453745 0.114453745 -0.114453745 0.0107300386 -0.114453745 0.114453745 -0.114453745 -0.0858403088 -0.114453745 0.114453745 -0.114453745 -0.114453745 -0.114453745 0.114453745 -0.0858403088 -0.0143067181 -0.114453745 0.114453745 -0.0572268725 -0.0429201544 -0.114453745 0.114453745 0.00715335906 0.0429201544 -0.114453745 0.114453745 -0.0107300386 0.0464968339 -0.114453745 0.114453745 0.0858403088 0.0858403088 -0.114453745 0.114453745 0.0214600772 0.114453745 -0.114453745 0.114453745 0.114453745 0.114453745 -0.114453745 0.114453745 0.0393434749 0.114453745 -0.114453745 0.114453745 0.114453745 0.114453745 -0.114453745 0.114453745 -0.114453745 0.114453745 -0.114453745 0.114453745 -0.114453745 0.114453745 -0.114453745 0.114453745 -0.114453745 0.114453745 -0.114453745 0.114453745 -0.114453745 0.114453745 -0.114453745 0.114453745 -0.114453745 -0.0858403088 -0.114453745 0.114453745 -0.114453745 -0.114453745 -0.114453745 0.114453745 -0.114453745 -0.0214600772 -0.114453745 0.114453745 -0.107300386 -0.0929936678 -0.114453745 0.114453745 -0.0858403088 0.0286134363 -0.114453745 0.114453745 -0.0679569111 -0.0107300386 -0.114453745 0.114453745 -0.0143067181 0.0643802316 -0.114453745 0.114453745 -0.0429201544 0.0572268725 -0.114453745 0.114453745 0.0429201544 0.0858403088 -0.114453745 0.114453745 -0.0321901158 0.110877066 -0.114453745 0.114453745 0.0858403088 0.114453745 -0.114453745 0.114453745 0.114453745 0.114453745 -0.114453745 0.114453745 0.114453745 0.114453745 -0.114453745 0.114453745 -0.114453745 0.114453745 -0.114453745 0.114453745 -0.114453745 0.114453745 -0.114453745 0.114453745 -0.114453745 0.114453745 -0.114453745 0.114453745 -0.114453745 0.114453745 -0.114453745 0.114453745 -0.114453745 0 -0.114453745 0.114453745 -0.114453745 -0.114453745 -0.114453745 0.114453745 -0.114453745 -0.114453745 -0.114453745 0.114453745 -0.0965703474 -0.0393434749 -0.114453745 0.114453745 -0.0858403088 -0.0858403088 -0.114453745 0.114453745 -0.0393434749 0.0214600772 -0.114453745 0.114453745 -0.0357667953 0.00715335906 -0.114453745 0.114453745 0.0429201544 0.0679569111 -0.114453745 0.114453745 0 0.0858403088 -0.114453745 0.114453745 0.110877066 0.100147027 -0.114453745 0.114453745 0.0214600772 0.114453745 -0.114453745 0.114453745 0.114453745 0.114453745 -0.114453745 0.114453745 0.0286134363 0.114453745 -0.114453745 0.114453745 -0.114453745 0.114453745 -0.114453745 0.114453745 -0.114453745 0.114453745 -0.114453745 0.114453745 -0.114453745 0.114453745 -0.114453745 0.114453745 -0.114453745 0.114453745 -0.114453745 0.114453745 -0.114453745 -0.114453745 -0.114453745 0.114453745 -0.114453745 -0.0393434749 -0.114453745 0.114453745 -0.114453745 -0.114453745 -0.114453745 0.114453745 -0.114453745 0.0143067181 -0.114453745 0.114453745 -0.0858403088 -0.0429201544 -0.114453745 0.114453745 -0.0500735135 0.053650193 -0.114453745 0.114453745 -0.0572268725 0.0286134363 -0.114453745 0.114453745 0.0107300386 0.0393434749 -0.114453745 0.114453745 -0.0429201544 0.0858403088 -0.114453745 0.114453745 0.0572268725 0.114453745 -0.114453745 0.114453745 0.114453745 0.114453745 -0.114453745 0.114453745 0.0894169883 0.114453745 -0.114453745 0.114453745 0.114453745 0.114453745 -0.114453745 0.114453745 -0.114453745 0.114453745 -0.114453745 0.114453745 -0.114453745 0.114453745 -0.114453745 0.114453745 -0.114453745 0.114453745 -0.114453745 0.114453745 -0.114453745 0.114453745 -0.114453745 0.114453745 -0.114453745 -0.114453745 -0.114453745 0.114453745 -0.114453745 -0.114453745 -0.114453745 0.114453745 -0.107300386 -0.0643802316 -0.114453745 0.114453745 -0.114453745 -0.114453745 -0.114453745 0.114453745 -0.0858403088 0 -0.114453745 0.114453745 -0.0608035521 -0.0321901158 -0.114453745 0.114453745 0 0.0500735135 -0.114453745 0.114453745 -0.0214600772 0.0500735135 -0.114453745 0.114453745 0.0715335906 0.0858403088 -0.114453745 0.114453745 0.00357667953 0.114453745 -0.114453745 0.114453745 0.114453745 0.107300386 -0.114453745 0.114453745 0.0143067181 0.114453745 -0.114453745 0.114453745 0.114453745 0.114453745 -0.114453745 0.114453745 -0.114453745 0.114453745 -0.114453745 0.114453745 -0.114453745 0.114453745 -0.114453745 0.114453745 -0.114453745 0.114453745 -0.114453745 0.114453745 -0.114453745 0.114453745 -0.114453745 0.114453745 -0.114453745 -0.0572268725 -0.114453745 0.114453745 -0.114453745 -0.114453745 -0.114453745 0.114453745 -0.114453745 0 -0.114453745 0.114453745 -0.103723706 -0.0751102702 -0.114453745 0.114453745 -0.0858403088 0.0429201544 -0.114453745 0.114453745 -0.0715335906 0 -0.114453745 0.114453745 -0.0214600772 -0.00715335906 -0.114453745 0.114453745 -0.053650193 0.0608035521 -0.114453745 0.114453745 0.0286134363 0.0858403088 -0.114453745 0.114453745 0.114453745 0.107300386 -0.114453745 0.114453745 0.0643802316 0.114453745 -0.114453745 0.114453745 0.114453745 0.114453745 -0.114453745 0.114453745 0.0858403088 0.114453745 -0.114453745 0.114453745 -0.114453745 0.114453745 -0.114453745 0.114453745 -0.114453745 0.114453745 -0.114453745 0.114453745 -0.114453745 0.114453745 -0.114453745 0.114453745 -0.114453745 0.114453745 -0.114453745 0.114453745 -0.114453745 -0.114453745 -0.114453745 0.114453745 -0.114453745 -0.0894169883 -0.114453745 0.114453745 -0.114453745 -0.114453745 -0.114453745 0.114453745 -0.114453745 -0.0214600772 -0.114453745 0.114453745 -0.0858403088 -0.0715335906 -0.114453745 0.114453745 -0.0429201544 0.0321901158 -0.114453745 0.114453745 -0.0429201544 0.0143067181 -0.114453745 0.114453745 0.0321901158 0.0715335906 -0.114453745 0.114453745 -0.0143067181 0.0858403088 -0.114453745 0.114453745 0.0929936678 0.0965703474 -0.114453745 0.114453745 0 0.114453745 -0.114453745 0.114453745 0.114453745 0.114453745 -0.114453745 0.114453745 0 0.114453745 -0.114453745 0.114453745 -0.114453745 0.114453745 -0.114453745 0.114453745 -0.114453745 0.114453745 -0.114453745 0.114453745 -0.114453745 0.114453745 -0.114453745 0.114453745 -0.114453745 0.114453745 -0.114453745 0.114453745 -0.114453745 -0.114453745 -0.114453745 0.114453745 -0.114453745 -0.0143067181 -0.114453745 0.114453745 -0.114453745 -0.107300386 -0.114453745 0.114453745 -0.114453745 0.0321901158 -0.114453745 0.114453745 -0.0858403088 -0.0286134363 -0.114453745 0.114453745 -0.053650193 -0.053650193 -0.114453745 0.114453745 -0.0643802316 0.0357667953 -0.114453745 0.114453745 0 0.0429201544 -0.114453745 0.114453745 0.100147027 0.0858403088 -0.114453745 0.114453745 0.0393434749 0.114453745 -0.114453745 0.114453745 0.114453745 0.114453745 -0.114453745 0.114453745 0.0643802316 0.114453745 -0.114453745 0.114453745 0.114453745 0.114453745 -0.114453745 0.114453745 -0.114453745 0.114453745 -0.114453745 0.114453745 -0.114453745 0.114453745 -0.114453745 0.114453745 -0.114453745 0.114453745 -0.114453745 0.114453745 -0.114453745 0.114453745 -0.114453745 0.114453745 -0.114453745 -0.114453745 -0.114453745 0.114453745 -0.114453745 -0.114453745 -0.114453745 0.114453745 -0.114453745 -0.0429201544 -0.114453745 0.114453745 -0.110877066 -0.110877066 -0.114453745 0.114453745 -0.0858403088 0.0143067181 -0.114453745 0.114453745 -0.0643802316 -0.0214600772 -0.114453745 0.114453745 -0.00715335906 0.0572268725 -0.114453745 0.114453745 -0.0321901158 0.053650193 -0.114453745 0.114453745 0.0572268725 0.0858403088 -0.114453745 0.114453745 -0.0143067181 0.114453745 -0.114453745 0.114453745 0.107300386 0.114453745 -0.114453745 0.114453745 -0.0107300386 0.114453745 -0.114453745 0.114453745 0.114453745 0.114453745 -0.114453745 0.114453745 -0.114453745 0.114453745 -0.114453745 0.114453745 -0.114453745 0.114453745 -0.114453745 0.114453745 -0.114453745 0.114453745 -0.114453745 0.114453745 -0.114453745 0.114453745 -0.114453745 0.114453745 -0.114453745 -0.0286134363 -0.114453745 0.114453745 -0.114453745 -0.114453745 -0.114453745 0.114453745 -0.114453745 0.0214600772 -0.114453745 0.114453745 -0.100147027 -0.0572268725 -0.114453745 0.114453745 -0.0858403088 -0.100147027 -0.114453745 0.114453745 -0.0751102702 0.0107300386 -0.114453745 0.114453745 -0.0286134363 0 -0.114453745 0.114453745 0.053650193 0.0643802316 -0.114453745 0.114453745 0.0143067181 0.0858403088 -0.114453745 0.114453745 0.114453745 0.103723706 -0.114453745 0.114453745 0.0429201544 0.114453745 -0.114453745 0.114453745 0.114453745 0.114453745 -0.114453745 0.114453745 0.0572268725 0.114453745 -0.114453745 0.114453745 -0.114453745 0.114453745 -0.114453745 0.114453745 -0.114453745 0.114453745 -0.114453745 0.114453745 -0.114453745 0.114453745 -0.114453745 0.114453745 -0.114453745 0.114453745 -0.114453745 0.114453745 -0.114453745 -0.114453745 -0.114453745 0.114453745 -0.114453745 -0.0643802316 -0.114453745 0.114453745 -0.114453745 -0.114453745 -0.114453745 0.114453745 -0.114453745 -0.00357667953 -0.114453745 0.114453745 -0.0858403088 -0.0572268725 -0.114453745 0.114453745 -0.0464968339 0.0429201544 -0.114453745 0.114453745 -0.0500735135 0.0214600772 -0.114453745 0.114453745 0.0214600772 0.0751102702 -0.114453745 0.114453745 -0.0286134363 0.0858403088 -0.114453745 0.114453745 0.0751102702 0.114453745 -0.114453745 0.114453745 -0.0214600772 0.114453745 -0.114453745 0.114453745 0.114453745 0.114453745 -0.114453745 0.114453745 0.114453745 0.114453745 -0.114453745 0.114453745 -0.114453745 0.114453745 -0.114453745 0.114453745 -0.114453745 0.114453745 -0.114453745 0.114453745 -0.114453745 0.114453745 -0.114453745 0.114453745 -0.114453745 0.114453745 -0.114453745 0.114453745 -0.114453745 -0.114453745 -0.114453745 0.114453745 -0.114453745 0.0107300386 -0.114453745 0.114453745 -0.114453745 -0.0858403088 -0.114453745 0.114453745 -0.114453745 -0.114453745 -0.114453745 0.114453745 -0.0858403088 -0.0143067181 -0.114453745 0.114453745 -0.0572268725 -0.0429201544 -0.114453745 0.114453745 0.00715335906 0.0429201544 -0.114453745 0.114453745 -0.0107300386 0.0464968339 -0.114453745 0.114453745 0.0858403088 0.0858403088 -0.114453745 0.114453745 0.0214600772 0.114453745 -0.114453745 0.114453745 0.114453745 0.114453745 -0.114453745 0.114453745 0.0393434749 0.114453745 -0.114453745 0.114453745 0.114453745 0.114453745 -0.114453745 0.114453745 -0.114453745 0.114453745 -0.114453745 0.114453745 -0.114453745 0.114453745 -0.114453745 0.114453745 -0.114453745 0.114453745 -0.114453745 0.114453745 -0.114453745 0.114453745 -0.114453745 0.114453745 -0.114453745 -0.0858403088 -0.114453745 0.114453745 -0.114453745 -0.114453745 -0.114453745 0.114453745 -0.114453745 -0.0214600772 -0.114453745 0.114453745 -0.107300386 -0.0929936678 -0.114453745 0.114453745 -0.0858403088 0.0286134363 -0.114453745 0.114453745 -0.0679569111 -0.0107300386 -0.114453745 0.114453745 -0.0143067181 0.0643802316 -0.114453745 0.114453745 -0.0429201544 0.0572268725 -0.114453745 0.114453745 0.0429201544 0.0858403088 -0.114453745 0.114453745 -0.0321901158 0.110877066 -0.114453745 0.114453745 0.0858403088 0.114453745 -0.114453745 0.114453745 0.114453745 0.114453745 -0.114453745 0.114453745 0.114453745 0.114453745 -0.114453745 0.114453745 -0.114453745 0.114453745 -0.114453745 0.114453745 -0.114453745 0.114453745 -0.114453745 0.114453745 -0.114453745 0.114453745 -0.114453745 0.114453745 -0.114453745 0.114453745 -0.114453745 0.114453745 -0.114453745 0 -0.114453745 0.114453745 -0.114453745 -0.114453745 -0.114453745 0.114453745 -0.114453745 -0.114453745 -0.114453745 0.114453745 -0.0965703474 -0.0393434749 -0.114453745 0.114453745 -0.0858403088 -0.0858403088 -0.114453745 0.114453745 -0.0393434749 0.0214600772 -0.114453745 0.114453745 -0.0357667953 0.00715335906 -0.114453745 0.114453745 0.0429201544 0.0679569111 -0.114453745 0.114453745 0 0.0858403088 -0.114453745 0.114453745 0.110877066 0.100147027 -0.114453745 0.114453745 0.0214600772 0.114453745 -0.114453745 0.114453745 0.114453745 0.114453745 -0.114453745 0.114453745 0.0286134363 0.114453745 -0.114453745 0.114453745 -0.114453745 0.114453745 -0.114453745 0.114453745 -0.114453745 0.114453745 -0.114453745 0.114453745 -0.114453745 0.114453745 -0.114453745 0.114453745 -0.114453745 0.114453745
L 0
U 0
iter 2 nfev 5 f -1903.43828 pginf 1.4306522
x 1000 -0.922545098 1 0.0816039011 0.0565581975 -1 1 -0.0922806279 -0.106707364 -1 0.969577459 0.229882257 0.32074032 -1 1 0.0534542239 0.120128679 -1 1 0.41540615 0.0512366942 -0.873351748 1 0.106707364 0.297786444 -1 1 0.571558886 0.252299606 -1 1 0.513113616 0.533377706 -1 0.884363918 -0.558199717 0.329180676 -0.911532928 1 -0.407235247 0.550121296 -1 1 -0.521778786 0.454668347 -1 1 -0.329180676 0.615471487 -1 1 -0.570972136 -0.589475976 -1 1 -0.21402542 -0.165550222 -0.955939273 1 -0.543509751 -0.484767434 -1 0.892442338 -0.295693495 -0.332701175 -1 1 -0.372570894 -0.246751955 -1 0.875111998 -0.103460065 -0.214334582 -1 1 0.158437396 0.0670766231 -1 0.958286272 0.119970378 -0.0500486241 -0.885630423 1 0.288423489 0.358546327 -1 1 0.31052352 0.153061496 -0.930623518 1 0.449523676 0.571558886 -1 1 0.401582667 0.305331796 -1 1 0.570385386 0.646160996 -1 1 -0.615471487 0.428086086 -1 0.910946178 -0.478384897 0.323381217 -1 1 -0.606806316 0.525817997 -1 0.948540608 -0.428086086 0.462746767 -0.957205778 1 -0.242167561 -0.56891484 -1 0.875111998 -0.463401556 -0.500409236 -1 1 -0.105628396 -0.321041946 -1 1 -0.409615348 -0.408293325 -1 1 0.00609242902 -0.0534542239 -1 1 -0.204376626 -0.206100817 -1 0.943767961 0.145935936 0.226836042 -1 1 -0.0460397718 0.0193126599 -1 1 0.305494271 -0.0201169965 -1 1 0.0443583635 0.246910256 -1 1 0.484767434 0.16873895 -0.864686578 1 0.452976136 0.505621946 -1 0.960726277 0.627657156 0.345405556 -0.976296368 1 -0.462746767 0.526991496 -1 1 -0.549534547 0.408408747 -0.902867758 1 -0.380066237 0.596967647 -1 1 -0.526991496 0.520018537 -1 1 -0.270803446 -0.22439308 -1 1 -0.590062726 -0.571558886 -1 0.901694258 -0.337327135 -0.392838656 -1 1 -0.455956746 -0.345484397 -1 0.856314783 -0.232325219 -0.288423489 -1 1 0.110314048 -0.0646336611 -1 0.942995199 -0.0068111996 -0.136078522 -0.988961424 1 0.224853008 0.235931903 -1 1 0.196343945 0.0640304086 -0.838397692 1 0.383649789 0.496607883 -1 1 0.321041946 0.246167447 -1 1 0.524125786 0.632283116 -1 1 0.367282802 0.374041441 -1 0.920198098 -0.520018537 0.263243736 -0.910359428 1 -0.620684196 0.493436276 -1 0.957792528 -0.465093767 0.407235247 -1 1 -0.263243736 0.577290307 -1 0.884363918 -0.495783276 -0.551294796 -1 1 -0.178670626 -0.401582667 -1 1 -0.477866186 -0.477866186 -1 1 -0.0665277673 -0.15294822 -1 1 -0.316472624 -0.305494271 -1 0.917958462 0.061989615 0.132931765 -1 1 -0.145533768 -0.081503359 -1 1 0.178051682 -0.0787587707 -1 1 -0.0390274881 0.148177814 -1 0.987308538 0.397975983 0.0851782949 -0.929450018 1 0.392838656 0.477866186 -1 0.945435204 0.539443139 0.269977002 -0.856021408 1 0.532204206 0.570972136 -1 1 -0.577290307 0.362149146 -0.967631198 1 -0.430951797 0.578463806 -1 1 -0.550121296 0.478384897 -1 1 -0.362149146 0.634562077 -1 1 -0.608566566 -0.608566566 -1 0.910946178 -0.378960776 -0.452976136 -1 1 -0.539342597 -0.444216839 -1 0.837517568 -0.347165805 -0.365669645 -1 1 0.0621906991 -0.196343945 -1 0.927704126 -0.133592777 -0.22210842 -1 1 0.161282527 0.113317479 -1 1 0.0751520868 -0.030434338 -0.938222552 1 0.308138317 0.386595462 -1 1 0.240501225 0.187003097 -1 1 0.470853902 0.588428584 -1 1 0.295837941 0.323009193 -1 0.996560458 0.589475976 0.270216696 -1 1 -0.634562077 0.461054556 -1 0.967044448 -0.502101447 0.351723727 -0.901694258 1 -0.323381217 0.549534547 -1 0.893615838 -0.461054556 0.481837357 -1 1 -0.251712856 -0.482123388 -1 1 -0.505621946 -0.524125786 -1 1 -0.131437895 -0.22439308 -1 1 -0.428568622 -0.404887725 -1 0.892148963 -0.021956706 0.0390274881 -1 1 -0.245027763 -0.182319378 -1 0.992853947 0.0506090936 -0.137400545 -1 1 -0.12241334 0.0494453716 -1 0.968511323 0.283135397 0.00793213851 -1 1 0.325688892 0.430652199 -1 0.930144131 0.451229123 0.194548449 -0.920784848 1 0.476692686 0.547842336 -1 1 0.56891484 0.354950851 -0.847356238 1 -0.481837357 0.559959966 -1 1 -0.573251097 0.436751257 -1 1 -0.408408747 0.620684196 -1 1 -0.559959966 0.539109127 -1 0.920198098 -0.420594416 -0.513113616 -1 1 -0.607740123 -0.539443139 -1 0.846769488 -0.384173486 -0.421181166 -1 1 0.00135543403 -0.31052352 -1 0.912413053 -0.260374354 -0.308138317 -1 1 0.0977120453 -0.00929694465 -1 1 -0.0460397718 -0.124899085 -1 1 0.232626845 0.27658304 -1 1 0.131911368 0.0920795437 -1 1 0.397774899 0.508548874 -1 1 0.22439308 0.271976945 -1 1 0.547842336 0.210079215 -1 1 0.22439308 0.383586736 -1 0.976296368 -0.539109127 0.296212206 -0.966457698 1 -0.383518697 0.521778786 -1 0.902867758 -0.493436276 0.430951797 -0.893029088 1 -0.296212206 0.596380897 -1 1 -0.533377706 -0.570385386 -1 1 -0.196348023 -0.295837941 -1 1 -0.517700252 -0.497268895 -1 0.873351748 -0.100469368 -0.0478645053 -0.916398581 1 -0.344521759 -0.283135397 -1 0.97055059 -0.0768334952 -0.196042319 -1 1 -0.205799191 -0.0492870705 -1 0.949714108 0.154270243 -0.0661567684 -0.944061336 1 0.254684093 0.330497192 -1 0.914853058 0.363015106 0.119119896 -0.985548288 1 0.421181166 0.524712536 -1 1 0.4827844 0.287654399 -0.912119678 1 0.551294796 0.608566566 -1 1 -0.596380897 0.395117616 -1 1 -0.454668347 0.606806316 -1 1 -0.578463806 0.502101447 -1 0.929450018 -0.395117616 0.443656177 -1 1 -0.646160996 -0.627657156 -1 0.856021408 -0.421181166 -0.476692686 -1 1 -0.0798188975 -0.39665396 -1 0.89712198 -0.387155931 -0.394168215 -1 1 0.0341415641 -0.131911368 -1 1 -0.16723163 -0.219363831 -0.952833869 1 0.157115373 0.166570619 -1 1 0.0198153703 -0.00731391002 -1 1 0.313828578 0.414644597 -1 1 0.15294822 0.220944698 -1 1 0.497268895 0.142929451 -0.919611348 1 0.165550222 0.34068659 -1 1 0.608566566 0.307811126 -1 1 -0.443656177 0.494023026 -1 0.912119678 -0.525817997 0.380066237 -0.957792528 1 -0.351723727 0.573251097 -1 1 -0.494023026 0.500927947 -0.884363918 1 -0.261258151 -0.367282802 -1 1 -0.547842336 -0.547842336 -1 0.882603668 -0.157247394 -0.106707364 -1 1 -0.444015755 -0.383951416 -1 0.948247233 -0.204276084 -0.254684093 -1 1 -0.289185043 -0.148019513 -1 0.930916893 0.0254050889 -0.140245675 -1 1 0.206560745 0.198786907 -1 0.899561985 0.246751955 0.0359812736 -0.893322463 1 0.35515122 0.467136183 -1 1 0.39665396 0.220357948 -0.976883118 1 0.500409236 0.590062726 -1 1 0.482123388 0.364496146 -1 1 -0.500927947 0.592928436 -1 1 -0.596967647 0.465093767 -1 0.938701938 -0.436751257 0.383518697 -1 1 -0.592928436 0.558199717 -1 0.865273328 -0.458188846 -0.532204206 -1 1 -0.160993229 -0.4827844 -1 0.902867758 -0.431019836 -0.449523676 -0.997147208 1 -0.0325861667 -0.240501225 -1 1 -0.288423489 -0.313828578 -1 1 0.0816039011 0.0565581975 -1 1 -0.0922806279 -0.106707364 -1 1 0.229882257 0.32074032 -1 1 0.0534542239 0.120128679 -1 0.985748657 0.41540615 0.0512366942 -1 1 0.106707364 0.297786444 -1 1 0.571558886 0.252299606 -0.910946178 1 0.513113616 0.533377706 -1 0.921371598 -0.558199717 0.329180676 -1 1 -0.407235247 0.550121296 -1 1 -0.521778786 0.454668347 -0.949127358 1 -0.329180676 0.615471487 -1 1 -0.570972136 -0.589475976 -1 0.891855588 -0.21402542 -0.165550222 -1 1 -0.543509751 -0.484767434 -1 0.929450018 -0.295693495 -0.332701175 -1 1 -0.372570894 -0.246751955 -1 0.912119678 -0.103460065 -0.214334582 -0.972697221 1 0.158437396 0.0670766231 -1 0.884270912 0.119970378 -0.0500486241 -0.996653464 1 0.288423489 0.358546327 -1 1 0.31052352 0.153061496 -0.856608158 1 0.449523676 0.571558886 -1 1 0.401582667 0.305331796 -1 1 0.570385386 0.646160996 -1 1 -0.615471487 0.428086086 -1 0.947953858 -0.478384897 0.323381217 -1 1 -0.606806316 0.525817997 -1 0.874525248 -0.428086086 0.462746767 -1 1 -0.242167561 -0.56891484 -1 0.912119678 -0.463401556 -0.500409236 -1 1 -0.105628396 -0.321041946 -1 1 -0.409615348 -0.408293325 -0.967445186 1 0.00609242902 -0.0534542239 -1 1 -0.204376626 -0.206100817 -1 0.980775641 0.145935936 0.226836042 -1 1 -0.0460397718 0.0193126599 -1 0.9634453 0.305494271 -0.0201169965 -0.892148963 1 0.0443583635 0.246910256 -1 1 0.484767434 0.16873895 -1 1 0.452976136 0.505621946 -1 0.997733958 0.627657156 0.345405556 -0.902281008 1 -0.462746767 0.526991496 -1 1 -0.549534547 0.408408747 -1 1 -0.380066237 0.596967647 -1 1 -0.526991496 0.520018537 -1 0.901107508 -0.270803446 -0.22439308 -0.957205778 1 -0.590062726 -0.571558886 -1 0.938701938 -0.337327135 -0.392838656 -1 1 -0.455956746 -0.345484397 -1 0.893322463 -0.232325219 -0.288423489 -1 1 0.110314048 -0.0646336611 -1 0.868979839 -0.0068111996 -0.136078522 -0.914946064 1 0.224853008 0.235931903 -1 1 0.196343945 0.0640304086 -0.949420733 1 0.383649789 0.496607883 -1 1 0.321041946 0.246167447 -1 1 0.524125786 0.632283116 -1 1 0.367282802 0.374041441 -1 0.957205778 -0.520018537 0.263243736 -1 1 -0.620684196 0.493436276 -1 0.883777168 -0.465093767 0.407235247 -0.947953858 1 -0.263243736 0.541456126
L 205 4 8 12 16 24 28 32 40 44 48 52 60 64 68 72 76 84 92 96 100 104 108 112 120 124 128 132 136 140 144 148 152 156 164 172 180 184 188 192 196 200 204 208 216 224 228 232 236 244 248 252 256 260 264 268 272 276 280 284 288 296 304 312 316 320 324 328 332 336 340 344 348 356 360 364 368 372 376 384 388 392 396 400 404 408 412 416 420 424 428 436 444 448 452 456 460 464 468 472 476 480 484 488 492 496 500 504 508 516 524 528 532 536 544 548 552 560 568 576 580 584 588 592 596 600 604 608 612 620 624 628 632 640 644 648 656 664 668 672 676 680 684 688 692 700 708 712 716 720 724 728 732 736 744 748 752 756 760 764 768 772 780 784 788 796 800 804 808 812 816 824 832 840 844 848 852 856 860 864 868 872 876 884 888 892 896 904 908 912 920 924 928 932 940 944 948 952 956 964 972 976 980 984 988 992
U 183 1 5 13 17 21 25 29 37 41 45 49 53 57 65 73 81 85 89 93 97 101 109 117 125 129 133 137 145 149 153 157 161 169 173 177 181 185 189 197 205 213 217 221 225 229 233 241 249 257 261 265 269 277 281 285 293 301 305 309 313 317 321 329 337 345 349 353 357 361 365 373 381 389 393 397 401 409 417 425 433 437 441 445 449 453 461 469 477 481 485 489 493 497 501 505 513 521 525 529 533 541 549 557 565 569 573 577 581 585 593 601 609 613 617 621 625 629 633 637 641 645 653 657 661 665 673 681 689 697 701 705 709 713 717 725 733 741 745 749 753 757 761 769 773 777 785 789 793 797 805 813 821 829 833 837 841 845 849 857 865 873 877 881 885 893 901 905 909 917 921 925 929 937 945 953 961 965 969 973 977 981 989 997
iter 3 nfev 6 f -1926.9278 pginf 0.669635237
x 1000 -0.982505705 1 0.0979642022 -0.0520501691 -1 1 0.027026399 -0.152191435 -1 1 0.239495325 0.175666058 -1 1 0.15906413 -0.00268857404 -1 1 0.319106162 0.0977264275 -0.991234114 1 0.23121365 0.134499975 -1 1 0.467397021 0.2027736 -1 1 0.536859685 0.355243799 -1 0.953362839 -0.53412296 0.322796134 -1 1 -0.421069923 0.458922394 -1 1 -0.428930898 0.422107103 -1 1 -0.300885947 0.5561476 -1 1 -0.40435319 -0.55280029 -1 1 -0.147610715 -0.261469849 -1 0.994815319 -0.358750354 -0.454073749 -1 0.989873948 -0.115262522 -0.338630355 -1 1 -0.223454618 -0.299410185 -1 0.940658461 0.000981760655 -0.206120159 -1 1 0.146054569 -0.0450434514 -1 1 0.158617402 -0.0542152337 -0.96927664 1 0.295169217 0.167375347 -1 1 0.31832972 0.0780282847 -1 1 0.43503938 0.368224872 -1 1 0.429108203 0.198376867 -1 1 0.557226827 0.493697175 -0.983096592 1 -0.541278289 0.324576191 -1 0.99020201 -0.469058545 0.384649452 -1 1 -0.499598677 0.431229845 -1 1 -0.355272964 0.500021759 -1 1 -0.2626847 -0.513318108 -1 0.952326925 -0.296361402 -0.472261477 -1 1 -0.117746618 -0.339289759 -1 1 -0.205780308 -0.364650335 -1 1 0.0298414348 -0.140088213 -1 1 -0.0619592355 -0.226210018 -1 1 0.168285679 0.0924711047 -1 1 0.0727617156 -0.0779194366 -1 1 0.249626157 0.0110673143 -1 1 0.171982053 0.0759594887 -1 1 0.397731195 0.157991198 -0.967269655 1 0.478521522 0.306598717 -1 1 0.535349224 0.272660296 -1 1 -0.478718821 0.415834802 -1 1 -0.475489597 0.38043947 -1 1 -0.357150119 0.51931296 -1 1 -0.407224639 0.475077222 -1 1 -0.20935058 -0.32610257 -1 0.990695556 -0.415756058 -0.518175888 -1 0.997511625 -0.172930007 -0.399054901 -1 1 -0.302541952 -0.37448412 -1 0.921104308 -0.0795949611 -0.2761933 -1 1 0.0725462127 -0.129962761 -1 1 0.0723994108 -0.140398942 -1 1 0.225250379 0.0790260723 -1 1 0.233857987 0.0207835561 -0.922235094 1 0.370455272 0.300102005 -1 1 0.360418217 0.133606786 -1 1 0.503042841 0.463810948 -1 1 0.437501446 0.255999295 -1 0.997839687 -0.526726031 0.337701353 -1 1 -0.527398522 0.385372801 -1 1 -0.409469341 0.433852851 -1 1 -0.315614743 0.536917607 -1 0.962746446 -0.34639121 -0.530612032 -1 1 -0.182717561 -0.410066128 -1 1 -0.270736563 -0.427730398 -1 1 -0.0372197349 -0.222151703 -1 1 -0.15094487 -0.300228602 -1 1 0.0970760326 0.00927615134 -1 1 -0.0135406983 -0.153150299 -1 1 0.179412969 -0.0602233551 -1 1 0.092894719 0.000885553942 -1 1 0.326157352 0.0831295014 -1 1 0.420183358 0.257953635 -1 1 0.462340632 0.223985741 -0.944447625 1 0.540778678 0.395743027 -1 1 -0.522048297 0.31443265 -1 1 -0.413414291 0.48247832 -1 1 -0.448225848 0.421582502 -1 1 -0.300956203 0.570067677 -1 0.997416696 -0.450504315 -0.568199501 -1 1 -0.230597493 -0.459479446 -1 1 -0.381629286 -0.449558055 -1 0.90365859 -0.1574767 -0.344617143 -1 1 -0.000962143072 -0.21488207 -1 1 -0.01381858 -0.212707527 -1 1 0.15533154 -0.00932320213 -1 1 0.145930328 -0.0664517453 -1 1 0.302332504 0.212063962 -1 1 0.291728231 0.0688367056 -1 1 0.443821603 0.415176412 -1 1 0.373456478 0.194846959 -1 1 0.507068013 0.261572936 -1 1 -0.555198367 0.339515758 -1 1 -0.463665718 0.388896728 -0.995347261 1 -0.373952907 0.488272525 -1 0.983255263 -0.37846985 0.484547774 -1 1 -0.247688503 -0.480842497 -1 1 -0.317295262 -0.484000766 -1 1 -0.101449978 -0.288283053 -1 1 -0.239930504 -0.374247186 -1 0.992990814 0.0258663866 -0.073918802 -1 1 -0.0998431123 -0.228381162 -1 1 0.108125452 -0.131514024 -1 1 0.0138073848 -0.0741883808 -1 1 0.248275612 0.00409926618 -1 1 0.359970595 0.201278777 -1 1 0.389332039 0.147492754 -1 1 0.48312978 0.352655435 -1 1 0.530273801 0.290461021 -0.922768024 1 -0.469678464 0.44564368 -1 1 -0.489227057 0.368087781 -1 1 -0.355140189 0.54018145 -1 1 -0.437033517 0.474647028 -1 1 -0.288264978 -0.519903992 -1 1 -0.451342466 -0.5213227 -1 0.912687189 -0.211673077 -0.404352424 -1 1 -0.0707988095 -0.29511488 -1 1 -0.100036571 -0.283356587 -1 1 0.0854127019 -0.0976724766 -1 1 0.0580026691 -0.147967048 -1 1 0.234209737 0.124025918 -1 1 0.204997668 -0.00415426681 -1 1 0.378727969 0.342055965 -1 1 0.309411511 0.133694624 -1 1 0.448526702 0.201148391 -1 1 0.343058263 0.246069799 -1 1 -0.517862095 0.319424996 -1 1 -0.43229107 0.439627443 -1 0.993674783 -0.428499658 0.442279087 -0.978616026 1 -0.305772127 0.545097576 -1 1 -0.363853962 -0.540271134 -1 1 -0.165680221 -0.354414403 -1 1 -0.317840628 -0.443755626 -1 0.983832538 -0.0431711189 -0.139507974 -0.972887132 1 -0.186145526 -0.303612024 -1 1 0.0345592054 -0.202804694 -1 0.9976348 -0.0652799493 -0.149262316 -1 1 0.167698891 -0.0575641294 -1 1 0.29307128 0.124795167 -1 0.983854192 0.316323447 0.0709997674 -1 1 0.425480881 0.309567844 -1 1 0.459625774 0.214086423 -1 1 0.547567725 0.441894152 -1 1 -0.530228266 0.31459306 -1 1 -0.409324175 0.510295222 -1 1 -0.471781774 0.424623415 -1 1 -0.348159888 0.505498544 -1 1 -0.502307338 -0.586468766 -1 0.921715788 -0.265869454 -0.464087704 -1 1 -0.134760773 -0.367849289 -1 1 -0.186254562 -0.354005648 -1 1 0.0154938635 -0.186021751 -1 1 -0.0299249899 -0.213103916 -1 1 0.16608697 0.0359878744 -0.999034202 1 0.116012034 -0.0781728507 -1 1 0.311398489 0.258861011 -1 1 0.245366543 0.0725422885 -1 1 0.387413072 0.152516096 -1 1 0.287135956 0.190284887 -1 1 0.522984319 0.262508881 -1 1 -0.490629233 0.390982361 -1 1 -0.478529466 0.374192081 -1 1 -0.363421025 0.502009985 -1 1 -0.382372198 0.495762049 -0.961973003 1 -0.229910463 -0.420545753 -1 1 -0.363351981 -0.49930557 -1 0.988497967 -0.103520062 -0.210085192 -1 1 -0.27244794 -0.378842887 -1 1 -0.0390070408 -0.274095363 -1 0.994847763 -0.144367283 -0.22433625 -1 1 0.0871221688 -0.136047017 -1 1 0.219562924 0.039875858 -1 0.966891815 0.23370802 0.0152774153 -1 1 0.363438757 0.249866986 -0.985590002 1 0.388977747 0.137711824 -1 1 0.491303553 0.405059512 -1 1 0.49779819 0.263146947 -1 1 -0.46350816 0.480408995 -1 1 -0.506530032 0.374599803 -1 1 -0.405827374 0.445073998 -1 1 -0.471798832 0.477086888 -1 0.930744387 -0.320065832 -0.523822985 -1 1 -0.198722736 -0.440583698 -1 1 -0.240767907 -0.413482038 -1 1 -0.0527756762 -0.26851339 -1 1 -0.117852649 -0.292422572 -1 1 0.0979642022 -0.0520501691 -1 1 0.027026399 -0.152191435 -1 1 0.24406901 0.175666058 -0.983602629 1 0.15906413 -0.00268857404 -1 1 0.316963633 0.0786862943 -1 1 0.23121365 0.134499975 -1 1 0.467397021 0.216161836 -1 1 0.536859685 0.355243799 -1 1 -0.528559274 0.30949611 -1 1 -0.421069923 0.458922394 -1 1 -0.428930898 0.42975523 -1 1 -0.300885947 0.5561476 -1 1 -0.40435319 -0.55280029 -1 0.993163396 -0.163869005 -0.268093881 -1 1 -0.358750354 -0.454073749 -1 1 -0.109698836 -0.338630355 -1 0.992060726 -0.223454618 -0.299410185 -1 1 0.00654544709 -0.202015494 -1 1 0.146054569 -0.0450434514 -1 0.948348111 0.147490029 -0.070906293 -1 1 0.295169217 0.167375347 -1 1 0.31832972 0.0891556575 -0.968407553 1 0.43503938 0.368224872 -0.977473261 1 0.429108203 0.198376867 -1 1 0.557226827 0.493697175 -1 1 -0.541278289 0.324576191 -1 1 -0.463494859 0.384649452 -1 1 -0.499598677 0.431229845 -1 0.949862282 -0.366400337 0.493588132 -1 1 -0.2626847 -0.513318108 -1 1 -0.290797715 -0.472261477 -1 1 -0.117746618 -0.339289759 -1 1 -0.205780308 -0.359756086 -1 1 0.0298414348 -0.140088213 -1 1 -0.0619592355 -0.226210018 -1 1 0.173849365 0.0924711047 -1 1 0.0727617156 -0.0779194366 -1 1 0.244130571 0.0272814987 -1 1 0.171982053 0.0759594887 -1 1 0.397731195 0.137648355 -1 1 0.478521522 0.306598717 -1 1 0.540912911 0.283787669 -1 1 -0.478718821 0.415834802 -1 1 -0.475489597 0.365836735 -1 1 -0.357150119 0.51931296 -1 1 -0.407224639 0.475077222 -1 0.997828826 -0.224217949 -0.319668943 -1 1 -0.415756058 -0.518175888 -1 1 -0.167366321 -0.399054901 -1 0.989273689 -0.302541952 -0.37448412 -1 0.97947345 -0.0740312746 -0.2761933 -1 1 0.0725462127 -0.129962761 -1 0.929804408 0.0612720379 -0.129271569 -0.987930878 1 0.225250379 0.0790260723 -1 1 0.233857987 0.00409249677 -1 1 0.370455272 0.300102005 -1 1 0.360418217 0.133606786 -1 1 0.503042841 0.463810948 -0.975679991 1 0.437501446 0.255999295 -1 1 -0.521162344 0.324224907 -1 1 -0.527398522 0.385372801 -1 0.958890881 -0.420596714 0.4416774 -1 1 -0.321002007 0.518259078
L 231 4 8 12 16 24 28 32 36 40 44 48 52 56 60 64 68 72 76 84 88 92 96 104 108 112 116 120 124 128 132 136 140 144 148 152 156 164 168 172 176 180 184 188 192 196 200 204 208 212 216 224 228 232 236 240 244 248 252 256 260 264 268 272 276 280 284 288 292 296 304 308 312 316 320 324 328 332 336 340 344 348 352 356 360 364 368 372 376 384 388 392 396 400 404 408 412 416 420 424 428 432 436 444 448 452 456 460 464 468 472 476 480 484 488 492 496 500 504 508 512 516 524 528 532 536 544 548 552 556 560 564 568 572 576 580 584 588 592 596 600 604 608 612 616 624 628 632 636 640 644 648 652 656 664 668 672 676 680 684 688 692 696 704 708 712 716 720 724 728 732 736 740 744 748 752 756 764 768 772 776 780 784 788 792 796 800 804 808 812 816 820 824 828 832 844 848 852 856 860 864 868 872 876 880 884 888 892 896 900 904 908 912 916 920 924 928 932 936 940 944 948 952 956 964 968 972 976 984 988 992 996
U 216 1 5 9 13 17 21 25 29 37 41 45 49 53 65 73 77 81 85 89 93 97 101 109 113 117 125 129 133 137 141 145 149 153 157 161 165 169 173 177 181 185 197 205 209 213 217 221 225 229 233 241 245 249 257 261 265 269 273 277 281 285 289 293 297 301 305 309 313 317 325 329 337 341 345 349 353 357 361 365 369 373 377 381 389 393 397 401 409 413 417 421 425 429 433 437 441 445 449 453 457 461 469 473 477 481 485 489 493 497 501 505 509 513 521 525 529 533 541 545 553 557 565 569 573 577 581 585 589 593 601 605 609 613 617 621 625 629 633 637 641 645 649 653 657 661 665 673 677 685 689 697 701 705 709 713 717 721 725 733 737 741 745 749 753 757 761 765 769 773 777 781 785 789 793 797 805 809 817 821 829 833 837 841 845 849 853 857 865 869 873 877 881 885 889 893 897 901 905 909 913 917 921 925 929 937 941 953 961 965 969 973 977 981 985 989 997
iter 4 nfev 7 f -1932.54554 pginf 0.416635611
x 1000 -1 1 0.0622933143 -0.164252776 -1 1 0.120551526 -0.126581153 -1 1 0.207179985 0.00286181441 -1 1 0.234881244 -0.0173393428 -1 1 0.318556635 0.00775613645 -1 1 0.336151367 0.0844438923 -1 1 0.418827798 0.180572119 -1 1 0.470688832 0.23642487 -1 1 -0.496851737 0.294906747 -1 1 -0.437943086 0.371945316 -1 1 -0.369718338 0.443238017 -1 1 -0.315844139 0.503988037 -1 1 -0.247879289 -0.497771749 -1 1 -0.17424342 -0.378631707 -1 1 -0.159847113 -0.389928768 -1 1 -0.0439711629 -0.281803628 -1 1 -0.0610429907 -0.286368875 -1 1 0.0679799795 -0.177946253 -1 1 0.117136902 -0.133054086 -1 1 0.196723646 -0.0699728102 -1 1 0.236137451 4.41104761e-05 -1 1 0.306018526 0.0534826396 -1 1 0.376394748 0.153269812 -1 1 0.427750643 0.183044001 -1 1 0.513445131 0.316023214 -1 1 -0.497923426 0.302918604 -1 1 -0.414728236 0.351878754 -1 1 -0.40149295 0.409183147 -1 1 -0.292410543 0.489998781 -1 1 -0.233499314 -0.490268701 -1 1 -0.169786243 -0.425898696 -1 1 -0.120534469 -0.367268556 -1 1 -0.0450083616 -0.30150062 -1 1 -0.00070918271 -0.228169025 -1 1 0.0590282596 -0.188452489 -1 1 0.14749806 -0.0646235315 -1 1 0.16938139 -0.0794375803 -1 1 0.252114749 -0.0205914423 -1 1 0.276932269 0.0223224121 -1 1 0.367513386 0.0982900683 -1 1 0.405612692 0.172916517 -1 1 0.483033572 0.240557237 -1 1 -0.500851643 0.309988734 -1 1 -0.428620201 0.364074406 -1 1 -0.377021018 0.445582849 -1 1 -0.313702738 0.497595454 -1 1 -0.237873413 -0.438817579 -1 1 -0.22241965 -0.449718519 -1 1 -0.105795949 -0.346499871 -1 1 -0.128638043 -0.348107132 -1 1 0.00632837926 -0.234520241 -1 1 0.0684538773 -0.193692572 -1 1 0.136899642 -0.120302548 -1 1 0.177747719 -0.0612980385 -1 1 0.252269055 0.00271319258 -1 1 0.314303302 0.0914122196 -1 1 0.366425004 0.121045493 -1 1 0.453911957 0.257879229 -1 1 0.483029742 0.232947224 -1 1 -0.47205826 0.265291406 -1 1 -0.451131714 0.351185773 -1 1 -0.360012241 0.435804197 -1 1 -0.29776967 0.488449535 -1 1 -0.231894879 -0.488783274 -1 1 -0.183674346 -0.428055534 -1 1 -0.106082842 -0.36370173 -1 1 -0.0634383644 -0.291467677 -1 1 -0.00249500659 -0.250323825 -1 1 0.0878161346 -0.132108877 -1 1 0.103881536 -0.141535818 -1 1 0.189831346 -0.0689735109 -1 1 0.209337217 -0.0394158453 -1 1 0.307675151 0.0373833171 -1 1 0.340536552 0.109408164 -1 1 0.431151943 0.173709472 -1 1 0.484975026 0.246369186 -1 1 -0.495639845 0.312270634 -1 1 -0.438197896 0.387177661 -1 1 -0.374879442 0.435706739 -1 1 -0.311403826 0.514274068 -1 1 -0.276759479 -0.510139476 -1 1 -0.169338168 -0.411196113 -1 1 -0.196233094 -0.40984539 -1 1 -0.0548651367 -0.293732442 -1 1 0.0197708528 -0.254331058 -1 1 0.0817033695 -0.178296192 -1 1 0.119357987 -0.122640188 -1 1 0.189428763 -0.0674709183 -1 1 0.251300805 0.0274959707 -1 1 0.305099366 0.059046985 -1 1 0.393120434 0.200444178 -1 1 0.42214686 0.170217781 -1 1 0.493932123 0.235891433 -1 1 -0.500770478 0.293188399 -1 1 -0.420538897 0.352240956 -1 1 -0.36284581 0.424941182 -1 1 -0.298036944 0.502584726 -1 1 -0.246814224 -0.488842513 -1 1 -0.169855115 -0.426450311 -1 1 -0.125438706 -0.353119403 -1 1 -0.0640182728 -0.312195161 -1 1 0.025796455 -0.199594223 -1 1 0.0383816814 -0.203634055 -1 1 0.128576444 -0.117713897 -1 1 0.141742165 -0.101154103 -1 1 0.248762736 -0.00636864757 -1 1 0.275159671 0.0475080386 -1 1 0.369992109 0.105715233 -1 1 0.42206647 0.184412604 -1 1 0.491783224 0.248564512 -1 1 -0.499374775 0.328772473 -1 1 -0.436056145 0.373818024 -1 1 -0.370937 0.46176783 -1 1 -0.328178892 0.484181474 -1 1 -0.233710327 -0.475892356 -1 1 -0.261100032 -0.470187655 -1 1 -0.117309761 -0.357304899 -1 1 -0.035564225 -0.314217692 -1 1 0.0270605935 -0.238432067 -1 1 0.0609682544 -0.183982337 -1 1 0.128496246 -0.118148204 -1 1 0.188298308 -0.0364202781 -1 1 0.243598058 -0.00283848111 -1 1 0.330125967 0.136769672 -1 1 0.361263979 0.107488338 -1 1 0.430396514 0.170903745 -1 1 0.451797579 0.208814594 -1 1 -0.489242176 0.301308864 -1 1 -0.42792195 0.361432829 -1 1 -0.354781841 0.426072682 -1 1 -0.312125974 0.49585848 -1 1 -0.233627387 -0.489198892 -1 1 -0.187439047 -0.41477113 -1 1 -0.125481965 -0.374022579 -1 1 -0.0334085217 -0.255883284 -1 1 -0.0271181727 -0.265732293 -1 1 0.0695030681 -0.167214302 -1 1 0.0733582544 -0.16289236 -1 1 0.196437857 -0.0752009657 -1 1 0.214502951 -0.0117771131 -1 1 0.303447209 0.0562492242 -1 1 0.359157914 0.122456022 -1 1 0.428006017 0.172618754 -1 1 0.498748506 0.270080188 -1 1 -0.497232849 0.311929309 -1 1 -0.430470174 0.409261591 -1 1 -0.384760403 0.423760517 -1 1 -0.288042377 0.48312688 -1 1 -0.320510742 -0.527737935 -1 1 -0.179754384 -0.420877356 -1 1 -0.101542588 -0.372901362 -1 1 -0.0275821826 -0.298567942 -1 1 0.00257852224 -0.245324486 -1 1 0.0730263832 -0.187236597 -1 1 0.125295811 -0.100014407 -1 1 0.182074792 -0.064709817 -1 1 0.266082321 0.0705784677 -1 1 0.300381098 0.0447588947 -1 1 0.372821497 0.085235129 -1 1 0.393974473 0.146629243 -1 1 0.483184071 0.244608486 -1 1 -0.49299809 0.297924476 -1 1 -0.421503411 0.368624462 -1 1 -0.37503453 0.433901898 -1 1 -0.300147836 0.499127518 -1 1 -0.249439388 -0.476422857 -1 1 -0.186702586 -0.435883034 -1 1 -0.0990286627 -0.324905157 -1 1 -0.0926180268 -0.32783053 -1 1 0.0104296919 -0.216714706 -1 1 0.0048336499 -0.224630617 -1 1 0.13850322 -0.119516624 -1 1 0.165819926 -0.0724155994 -1 1 0.246879678 -0.0223025168 -1 1 0.296110565 0.066007329 -1 1 0.36422881 0.122431962 -1 1 0.437571627 0.211675 -1 1 0.489076281 0.24504251 -1 1 -0.490003348 0.356755353 -1 1 -0.441341915 0.36333956 -1 1 -0.352414536 0.418430638 -1 1 -0.351854186 0.467180521 -1 1 -0.242199008 -0.484449813 -1 1 -0.167520951 -0.431585031 -1 1 -0.0916298144 -0.361712113 -1 1 -0.0573945917 -0.306481578 -1 1 0.0128265076 -0.240383148 -1 1 0.0622933143 -0.164252776 -1 1 0.120551526 -0.126581153 -1 1 0.202038675 0.00985623252 -1 1 0.234881244 -0.0173393428 -1 1 0.314257366 0.0350466264 -1 1 0.336151367 0.0844438923 -1 1 0.423293139 0.161056974 -1 1 0.470688832 0.23642487 -1 1 -0.48920361 0.313930993 -1 1 -0.437943086 0.371945316 -1 1 -0.36716748 0.434640707 -1 1 -0.315844139 0.503988037 -1 1 -0.247879289 -0.497771749 -1 1 -0.160456857 -0.384340704 -1 1 -0.158117881 -0.389928768 -1 1 -0.0459202051 -0.279947987 -1 1 -0.0636909546 -0.286368875 -1 1 0.0847424794 -0.18207371 -1 1 0.117136902 -0.133054086 -1 1 0.180870844 -0.0623851778 -1 1 0.236137451 4.41104761e-05 -1 1 0.309729808 0.0515112274 -1 1 0.376394748 0.160783093 -1 1 0.427750643 0.183044001 -1 1 0.513445131 0.310385468 -1 1 -0.497923426 0.302918604 -1 1 -0.416786696 0.353734395 -1 1 -0.40149295 0.409183147 -1 1 -0.302481555 0.495665373 -1 1 -0.233499314 -0.490268701 -1 1 -0.15735669 -0.424043055 -1 1 -0.120534469 -0.367268556 -1 1 -0.0433759966 -0.307002276 -1 1 -0.00070918271 -0.228169025 -1 1 0.0590282596 -0.188452489 -1 1 0.141243883 -0.0627678906 -1 1 0.16938139 -0.0794375803 -1 1 0.262783781 -0.048762649 -1 1 0.276932269 0.0223224121 -1 1 0.360728494 0.117026024 -1 1 0.405612692 0.172916517 -1 1 0.483274139 0.228048884 -1 1 -0.500851643 0.309988734 -1 1 -0.433490611 0.380489436 -1 1 -0.377021018 0.445582849 -1 1 -0.313702738 0.497595454 -1 1 -0.219739262 -0.443498069 -1 1 -0.219316365 -0.449718519 -1 1 -0.110292364 -0.34464423 -1 1 -0.132215559 -0.348107132 -1 1 0.021397541 -0.2326646 -1 1 0.0684538773 -0.193692572 -1 1 0.124140214 -0.134352443 -1 1 0.177747719 -0.0612980385 -1 1 0.246702133 -0.00446099046 -1 1 0.314303302 0.0914122196 -1 1 0.366425004 0.121045493 -1 1 0.453911957 0.265990614 -1 1 0.483029742 0.232947224 -1 1 -0.481158855 0.289038152 -1 1 -0.451131714 0.351185773 -1 1 -0.362316479 0.420687588 -1 1 -0.29524174 0.485874463
L 250 0 4 8 12 16 20 24 28 32 36 40 44 48 52 56 60 64 68 72 76 80 84 88 92 96 100 104 108 112 116 120 124 128 132 136 140 144 148 152 156 160 164 168 172 176 180 184 188 192 196 200 204 208 212 216 220 224 228 232 236 240 244 248 252 256 260 264 268 272 276 280 284 288 292 296 300 304 308 312 316 320 324 328 332 336 340 344 348 352 356 360 364 368 372 376 380 384 388 392 396 400 404 408 412 416 420 424 428 432 436 440 444 448 452 456 460 464 468 472 476 480 484 488 492 496 500 504 508 512 516 520 524 528 532 536 540 544 548 552 556 560 564 568 572 576 580 584 588 592 596 600 604 608 612 616 620 624 628 632 636 640 644 648 652 656 660 664 668 672 676 680 684 688 692 696 700 704 708 712 716 720 724 728 732 736 740 744 748 752 756 760 764 768 772 776 780 784 788 792 796 800 804 808 812 816 820 824 828 832 836 840 844 848 852 856 860 864 868 872 876 880 884 888 892 896 900 904 908 912 916 920 924 928 932 936 940 944 948 952 956 960 964 968 972 976 980 984 988 992 996
U 250 1 5 9 13 17 21 25 29 33 37 41 45 49 53 57 61 65 69 73 77 81 85 89 93 97 101 105 109 113 117 121 125 129 133 137 141 145 149 153 157 161 165 169 173 177 181 185 189 193 197 201 205 209 213 217 221 225 229 233 237 241 245 249 253 257 261 265 269 273 277 281 285 289 293 297 301 305 309 313 317 321 325 329 333 337 341 345 349 353 357 361 365 369 373 377 381 385 389 393 397 401 405 409 413 417 421 425 429 433 437 441 445 449 453 457 461 465 469 473 477 481 485 489 493 497 501 505 509 513 517 521 525 529 533 537 541 545 549 553 557 561 565 569 573 577 581 585 589 593 597 601 605 609 613 617 621 625 629 633 637 641 645 649 653 657 661 665 669 673 677 681 685 689 693 697 701 705 709 713 717 721 725 729 733 737 741 745 749 753 757 761 765 769 773 777 781 785 789 793 797 801 805 809 813 817 821 825 829 833 837 841 845 849 853 857 861 865 869 873 877 881 885 889 893 897 901 905 909 913 917 921 925 929 933 937 941 945 949 953 957 961 965 969 973 977 981 985 989 993 997
iter 5 nfev 8 f -1932.88207 pginf 0.317474782
x 1000 -1 1 0.0667635803 -0.193470721 -1 1 0.132745403 -0.123354638 -1 1 0.190891233 -0.0503445831 -1 1 0.249670087 0.000650224523 -1 1 0.298480594 0.102960717 -1 1 0.361430908 0.118740401 -1 1 0.439584434 0.18444955 -1 1 0.516140111 0.234061265 -1 1 -0.499789461 0.319085349 -1 1 -0.435329339 0.36608356 -1 1 -0.367801865 0.435313933 -1 1 -0.307511152 0.495020484 -1 1 -0.236449239 -0.495963825 -1 1 -0.181257642 -0.426307482 -1 1 -0.11947082 -0.374494626 -1 1 -0.0574484869 -0.329897978 -1 1 -0.016363077 -0.258547279 -1 1 0.0693790006 -0.191617373 -1 1 0.128755972 -0.134709039 -1 1 0.188573143 -0.0583716534 -1 1 0.254745651 -0.0175608077 -1 1 0.310923013 0.0623799073 -1 1 0.375122617 0.113406696 -1 1 0.436979888 0.185683305 -1 1 0.50541135 0.261732911 -1 1 -0.498397317 0.31344559 -1 1 -0.445201846 0.393918735 -1 1 -0.383015849 0.433386606 -1 1 -0.313703418 0.50770606 -1 1 -0.25662104 -0.496886135 -1 1 -0.177180405 -0.436405343 -1 1 -0.123349514 -0.377915736 -1 1 -0.0472863118 -0.308748319 -1 1 0.0052917158 -0.254716879 -1 1 0.0726139769 -0.184885203 -1 1 0.126897394 -0.112787373 -1 1 0.188238998 -0.061798211 -1 1 0.246303097 0.0134506001 -1 1 0.299909491 0.0566966958 -1 1 0.370211953 0.136303175 -1 1 0.455047583 0.169730862 -1 1 0.498488276 0.248193234 -1 1 -0.497923502 0.301865005 -1 1 -0.435836259 0.379145641 -1 1 -0.370341353 0.431757876 -1 1 -0.304538335 0.501385607 -1 1 -0.24273492 -0.487859219 -1 1 -0.181919321 -0.437674805 -1 1 -0.120982148 -0.390605323 -1 1 -0.0796175905 -0.321596073 -1 1 0.00904943997 -0.256710131 -1 1 0.0576806915 -0.192440511 -1 1 0.13053567 -0.124327869 -1 1 0.191349947 -0.0771358276 -1 1 0.253501098 -0.00429461422 -1 1 0.312651038 0.0515139122 -1 1 0.375153925 0.123496632 -1 1 0.441886771 0.198759026 -1 1 0.497619276 0.249455756 -1 1 -0.515996661 0.351505452 -1 1 -0.442012776 0.372376964 -1 1 -0.373555382 0.43837007 -1 1 -0.322080898 0.498620802 -1 1 -0.240827138 -0.49891559 -1 1 -0.185035924 -0.439669363 -1 1 -0.109637414 -0.370838069 -1 1 -0.056480063 -0.316157025 -1 1 0.012482551 -0.246415768 -1 1 0.062903556 -0.175230163 -1 1 0.126807908 -0.124246646 -1 1 0.187043453 -0.0589132621 -1 1 0.236654977 -0.0063520991 -1 1 0.308446956 0.0742064651 -1 1 0.393955056 0.105400459 -1 1 0.434954472 0.188766069 -1 1 0.504809426 0.233917123 -1 1 -0.497153793 0.311207633 -1 1 -0.433171553 0.368495268 -1 1 -0.368611621 0.438257525 -1 1 -0.308463337 0.500401724 -1 1 -0.243950275 -0.499575793 -1 1 -0.183938551 -0.451763807 -1 1 -0.142872104 -0.384644868 -1 1 -0.0520026289 -0.320391233 -1 1 -0.0133945891 -0.250171983 -1 1 0.0701451921 -0.186276338 -1 1 0.127954243 -0.136710848 -1 1 0.190693817 -0.0603934322 -1 1 0.251179174 -0.009732246 -1 1 0.313327962 0.0613099585 -1 1 0.37958236 0.13748378 -1 1 0.435446577 0.187336724 -1 1 0.500028322 0.256493261 -1 1 -0.501009702 0.311367322 -1 1 -0.442570749 0.389588437 -1 1 -0.383173426 0.434290399 -1 1 -0.305489639 0.500227528 -1 1 -0.246722333 -0.501422989 -1 1 -0.173641907 -0.434067815 -1 1 -0.119051613 -0.378114471 -1 1 -0.0476488748 -0.307946333 -1 1 2.51867213e-06 -0.238287038 -1 1 0.0653768185 -0.186695082 -1 1 0.12748313 -0.130698273 -1 1 0.173400464 -0.069400894 -1 1 0.250988891 0.00121010868 -1 1 0.333580176 0.0417147948 -1 1 0.371800859 0.131191044 -1 1 0.442215264 0.169698567 -1 1 0.498735202 0.243625575 -1 1 -0.496001754 0.30523266 -1 1 -0.432684907 0.375129442 -1 1 -0.370506985 0.439975694 -1 1 -0.310148492 0.500915101 -1 1 -0.246615997 -0.513140301 -1 1 -0.205381404 -0.447404814 -1 1 -0.115374033 -0.382358641 -1 1 -0.0798022934 -0.309697576 -1 1 0.00915134301 -0.24701158 -1 1 0.0645585389 -0.196285867 -1 1 0.13312109 -0.125850541 -1 1 0.189707309 -0.0709784042 -1 1 0.253008254 -0.000293507455 -1 1 0.31733794 0.0750016326 -1 1 0.373273877 0.125217692 -1 1 0.437106312 0.195587588 -1 1 0.483896044 0.242492781 -1 1 -0.501340139 0.318008767 -1 1 -0.444265953 0.369959996 -1 1 -0.373109944 0.44520353 -1 1 -0.310141015 0.49452067 -1 1 -0.237646399 -0.497297561 -1 1 -0.181623164 -0.440071917 -1 1 -0.10867923 -0.369853462 -1 1 -0.0615585303 -0.297618137 -1 1 0.00394572879 -0.249143517 -1 1 0.0672850406 -0.201255496 -1 1 0.109789443 -0.132656907 -1 1 0.185529404 -0.0535715774 -1 1 0.270906533 -0.0192460949 -1 1 0.313909723 0.0611067882 -1 1 0.379621101 0.105480012 -1 1 0.433155608 0.1885474 -1 1 0.500783019 0.239931912 -1 1 -0.496758193 0.31200136 -1 1 -0.432550632 0.379549663 -1 1 -0.3728981 0.438425264 -1 1 -0.319388199 0.514532405 -1 1 -0.266400276 -0.509587061 -1 1 -0.178745436 -0.444326049 -1 1 -0.138741876 -0.372093762 -1 1 -0.0518425061 -0.307746821 -1 1 0.00116283466 -0.255860887 -1 1 0.0710284225 -0.183387518 -1 1 0.12832006 -0.132121295 -1 1 0.192876828 -0.0618240726 -1 1 0.255220437 0.0119979575 -1 1 0.311101177 0.06309866 -1 1 0.366982156 0.152329936 -1 1 0.422663476 0.180616591 -1 1 0.502506096 0.246580395 -1 1 -0.505358481 0.305629593 -1 1 -0.434989894 0.379487265 -1 1 -0.372735177 0.430302115 -1 1 -0.305263377 0.501021568 -1 1 -0.244194714 -0.502029364 -1 1 -0.172375952 -0.432835743 -1 1 -0.124606694 -0.362915993 -1 1 -0.0574853609 -0.311591953 -1 1 0.00708695155 -0.27181272 -1 1 0.046114839 -0.195949879 -1 1 0.127658734 -0.125549074 -1 1 0.199831253 -0.0769775668 -1 1 0.248063139 0.00879914342 -1 1 0.318834071 0.0436499554 -1 1 0.374342418 0.121428 -1 1 0.437952818 0.176669304 -1 1 0.498805851 0.247869978 -1 1 -0.494594279 0.319123633 -1 1 -0.435647708 0.375935427 -1 1 -0.382065644 0.453155912 -1 1 -0.324018922 0.494396248 -1 1 -0.24211684 -0.506293458 -1 1 -0.197681458 -0.434489949 -1 1 -0.115090704 -0.370514823 -1 1 -0.0616631047 -0.31616211 -1 1 0.0128494889 -0.247782393 -1 1 0.0667635803 -0.193470721 -1 1 0.132745403 -0.123354638 -1 1 0.19453953 -0.048534139 -1 1 0.249670087 0.000650224523 -1 1 0.307371843 0.0807871141 -1 1 0.361430908 0.118740401 -1 1 0.433543771 0.198137334 -1 1 0.516140111 0.234061265 -1 1 -0.496074356 0.311425209 -1 1 -0.435329339 0.36608356 -1 1 -0.369912511 0.439012343 -1 1 -0.307511152 0.495020484 -1 1 -0.236449239 -0.495963825 -1 1 -0.187096265 -0.424408163 -1 1 -0.118916451 -0.374040388 -1 1 -0.0570265079 -0.332008552 -1 1 -0.0175597652 -0.25924285 -1 1 0.0641416651 -0.184732163 -1 1 0.128755972 -0.134709039 -1 1 0.193171569 -0.0649176453 -1 1 0.254745651 -0.0175608077 -1 1 0.310620063 0.0628352052 -1 1 0.377096217 0.115815355 -1 1 0.436979888 0.185683305 -1 1 0.503930418 0.259185057 -1 1 -0.498397317 0.31344559 -1 1 -0.44474309 0.391779418 -1 1 -0.383015849 0.433386606 -1 1 -0.308711467 0.501756429 -1 1 -0.25662104 -0.496886135 -1 1 -0.178326301 -0.434251484 -1 1 -0.123349514 -0.377915736 -1 1 -0.0486369725 -0.306381604 -1 1 0.0052917158 -0.254716879 -1 1 0.0726139769 -0.184885203 -1 1 0.12958783 -0.113591614 -1 1 0.188238998 -0.061798211 -1 1 0.236028749 0.0384221387 -1 1 0.299909491 0.0566966958 -1 1 0.376522926 0.123475717 -1 1 0.455047583 0.169730862 -1 1 0.494464328 0.254305269 -1 1 -0.497923502 0.301865005 -1 1 -0.431806357 0.372084187 -1 1 -0.370341353 0.431757876 -1 1 -0.304538335 0.501385607 -1 1 -0.250515828 -0.486044194 -1 1 -0.180924449 -0.436859629 -1 1 -0.119703954 -0.393385046 -1 1 -0.0812343693 -0.322535821 -1 1 0.00573050879 -0.254106617 -1 1 0.0576806915 -0.192440511 -1 1 0.129223155 -0.120707619 -1 1 0.191349947 -0.0771358276 -1 1 0.251294217 -0.000241607017 -1 1 0.312651038 0.0515139122 -1 1 0.375153925 0.123496632 -1 1 0.444017482 0.202424786 -1 1 0.497619276 0.249455756 -1 1 -0.507420536 0.330402924 -1 1 -0.442012776 0.372376964 -1 1 -0.375613244 0.447788636 -1 1 -0.324237363 0.501626917
L 250 0 4 8 12 16 20 24 28 32 36 40 44 48 52 56 60 64 68 72 76 80 84 88 92 96 100 104 108 112 116 120 124 128 132 136 140 144 148 152 156 160 164 168 172 176 180 184 188 192 196 200 204 208 212 216 220 224 228 232 236 240 244 248 252 256 260 264 268 272 276 280 284 288 292 296 300 304 308 312 316 320 324 328 332 336 340 344 348 352 356 360 364 368 372 376 380 384 388 392 396 400 404 408 412 416 420 424 428 432 436 440 444 448 452 456 460 464 468 472 476 480 484 488 492 496 500 504 508 512 516 520 524 528 532 536 540 544 548 552 556 560 564 568 572 576 580 584 588 592 596 600 604 608 612 616 620 624 628 632 636 640 644 648 652 656 660 664 668 672 676 680 684 688 692 696 700 704 708 712 716 720 724 728 732 736 740 744 748 752 756 760 764 768 772 776 780 784 788 792 796 800 804 808 812 816 820 824 828 832 836 840 844 848 852 856 860 864 868 872 876 880 884 888 892 896 900 904 908 912 916 920 924 928 932 936 940 944 948 952 956 960 964 968 972 976 980 984 988 992 996
U 250 1 5 9 13 17 21 25 29 33 37 41 45 49 53 57 61 65 69 73 77 81 85 89 93 97 101 105 109 113 117 121 125 129 133 137 141 145 149 153 157 161 165 169 173 177 181 185 189 193 197 201 205 209 213 217 221 225 229 233 237 241 245 249 253 257 261 265 269 273 277 281 285 289 293 297 301 305 309 313 317 321 325 329 333 337 341 345 349 353 357 361 365 369 373 377 381 385 389 393 397 401 405 409 413 417 421 425 429 433 437 441 445 449 453 457 461 465 469 473 477 481 485 489 493 497 501 505 509 513 517 521 525 529 533 537 541 545 549 553 557 561 565 569 573 577 581 585 589 593 597 601 605 609 613 617 621 625 629 633 637 641 645 649 653 657 661 665 669 673 677 681 685 689 693 697 701 705 709 713 717 721 725 729 733 737 741 745 749 753 757 761 765 769 773 777 781 785 789 793 797 801 805 809 813 817 821 825 829 833 837 841 845 849 853 857 861 865 869 873 877 881 885 889 893 897 901 905 909 913 917 921 925 929 933 937 941 945 949 953 957 961 965 969 973 977 981 985 989 993 997
