# lbfgsb trace rosen_n10 (LBFGSpp 0.3.0 LBFGSBSolver<double>, MoreThuente)
problem rosen_n10
n 10
param m 10 epsilon 1e-05 epsilon_rel 1e-05 past 1 delta 1e-10 max_iterations 0 max_submin 10 max_linesearch 20 min_step 1e-20 max_step 1e+20 ftol 0.0001 wolfe 0.9
niter 40
nfev 45
status converged-delta
f_final 21.9430592
pg_final 7.48282204e-05
iter 0 nfev 1 f 1473.94 pginf 895.6
x 10 -1.2 0.6 -1.2 1 -1.2 0.5 -1.2 0.6 -1.2 1
L 1 5
U 2 1 7
iter 1 nfev 2 f 1048.32028 pginf 204.736967
x 10 -1.19699979 0.597666505 -1.19699979 0.997222029 -0.204819832 0.5 -1.19699979 0.597666505 -1.19699979 1.09778456
L 1 5
U 0
iter 2 nfev 3 f 346.986569 pginf 119.765203
x 10 -0.809101804 0.402131451 -0.694369722 0.742709872 -0.0808856675 0.5 -0.531166553 0.402131451 -0.755284668 1.16928094
L 1 5
U 0
iter 3 nfev 4 f 195.725139 pginf 92.3562041
x 10 -0.667669019 0.269412555 -0.522965635 0.472279819 -0.0160227135 0.5 -0.306244737 0.148939773 -0.734790465 1.00169805
L 1 5
U 0
iter 4 nfev 5 f 97.9973684 pginf 35.4650312
x 10 -0.482782913 0.17262108 -0.220458379 0.248209738 0.0998675398 0.5 0.0963230208 -0.0486373322 -0.680608437 0.640553001
L 1 5
U 0
iter 5 nfev 6 f 53.266326 pginf 32.0649895
x 10 -0.366316271 0.106382115 0.0169689594 -0.0110480794 0.14432934 0.5 0.343717757 -0.0680274964 -0.344696869 0.279140879
L 1 5
U 0
iter 6 nfev 7 f 38.2236914 pginf 13.7733239
x 10 -0.245135126 0.0834023609 0.148523163 -0.148104761 0.139490095 0.5 0.279605691 0.0678741112 -0.0507954616 -0.0662864408
L 1 5
U 0
iter 7 nfev 8 f 33.1682327 pginf 3.16982362
x 10 -0.242858391 0.0849888517 0.000718040783 -0.0319198424 0.182903063 0.5 0.243148715 0.0623258168 -0.016333195 -0.0155823449
L 1 5
U 0
iter 8 nfev 9 f 32.962146 pginf 3.24609454
x 10 -0.243036427 0.0675821664 0.0050363073 -0.0111427684 0.198875099 0.5 0.245894297 0.0593564955 0.00481305512 -0.0162073072
L 1 5
U 0
iter 9 nfev 10 f 32.8781 pginf 2.01281628
x 10 -0.237769813 0.0624087455 0.00997700671 0.00607928474 0.20808608 0.5 0.249345582 0.0642697788 0.00826848782 -0.00172802088
L 1 5
U 0
iter 10 nfev 11 f 32.8303504 pginf 2.20238368
x 10 -0.222859167 0.0622065121 0.0123420008 0.0150027472 0.212216992 0.5 0.258300741 0.0728375311 0.0181501231 -0.000540418434
L 1 5
U 0
iter 11 nfev 12 f 32.7986617 pginf 1.95983683
x 10 -0.209626381 0.0588625786 0.0139405012 0.016917923 0.2080281 0.5 0.264048237 0.0825401471 0.0190787239 0.00233212173
L 1 5
U 0
iter 12 nfev 13 f 32.7386996 pginf 1.36936879
x 10 -0.180793111 0.0491040043 0.0150128459 0.0179249739 0.18749541 0.5 0.271741969 0.0920567913 0.020895141 0.00254354298
L 1 5
U 0
iter 13 nfev 14 f 32.6398411 pginf 1.61624765
x 10 -0.116247648 0.0256452349 0.0157221905 0.0209243185 0.148973344 0.5 0.275053518 0.0980332699 0.0242999515 0.00363043657
L 1 5
U 0
iter 14 nfev 15 f 32.5554869 pginf 1.7910001
x 10 0.0370886235 -0.0203160936 0.0145010233 0.0208997078 0.0723708106 0.5 0.276139875 0.100710569 0.0291210052 0.00444222737
L 1 5
U 0
iter 15 nfev 16 f 32.4494794 pginf 1.70511356
x 10 0.0155010098 0.00595336956 0.0159777877 0.0129117401 0.0760714556 0.5 0.266678419 0.0853286811 0.0214594678 0.00210454299
L 1 5
U 0
iter 16 nfev 17 f 32.3470779 pginf 1.87085616
x 10 0.0879441417 0.00769433295 0.0143977176 0.0103008699 0.0500730202 0.5 0.261453996 0.0766163152 0.0177769216 0.000492386173
L 1 5
U 0
iter 17 nfev 19 f 32.2563237 pginf 1.94638928
x 10 0.165483591 0.0137965412 0.0124906123 0.010717844 0.0318380053 0.5 0.257711942 0.0713083062 0.015660998 -0.000679866696
L 1 5
U 0
iter 18 nfev 20 f 32.1109004 pginf 1.96573689
x 10 0.289702078 0.0504348106 0.0029252061 0.0168314411 0.0360731198 0.5 0.251132222 0.0619724408 0.00985614604 -0.00336075379
L 1 5
U 0
iter 19 nfev 21 f 31.795366 pginf 1.52462145
x 10 0.326903293 0.100772709 -0.00335563975 0.0246214495 0.103196719 0.5 0.249587776 0.059670193 0.00546118676 -0.00491324802
L 1 5
U 0
iter 20 nfev 22 f 31.5884859 pginf 3.4199669
x 10 0.484018622 0.204659545 0.0127634222 0.0269045526 0.233579464 0.5 0.253357914 0.0645007162 0.00651132739 -0.00377347454
L 1 5
U 0
iter 21 nfev 23 f 31.443656 pginf 2.569508
x 10 0.406237384 0.181386527 0.0470001626 0.0158074203 0.218665339 0.5 0.258040065 0.0724310991 0.0160199969 -0.00123501073
L 1 5
U 0
iter 22 nfev 24 f 31.3058195 pginf 1.32010598
x 10 0.452289687 0.191214304 0.0507001394 0.0113832415 0.169808277 0.5 0.25360889 0.0679614437 0.013313719 -0.000750223689
L 1 5
U 0
iter 23 nfev 25 f 31.1796414 pginf 2.02017925
x 10 0.520179249 0.243654066 0.06100867 0.0118539373 0.191836312 0.5 0.255110589 0.069482933 0.0118795997 0.000263193226
L 1 5
U 0
iter 24 nfev 26 f 30.9819001 pginf 2.09897733
x 10 0.591384473 0.322400191 0.0896551254 0.0159269811 0.210459901 0.5 0.259883257 0.0751401324 0.0128467123 0.0010263507
L 1 5
U 0
iter 25 nfev 27 f 30.6165963 pginf 2.17227726
x 10 0.672277264 0.440073175 0.159766138 0.0339319865 0.208690626 0.5 0.270055342 0.0874372348 0.0156410199 0.00151397883
L 1 5
U 0
iter 26 nfev 28 f 30.0669252 pginf 2.05375097
x 10 0.738107742 0.553750971 0.274027387 0.0708110789 0.182855771 0.5 0.281298892 0.102324511 0.0217134435 0.00151589087
L 1 5
U 0
iter 27 nfev 29 f 29.464693 pginf 4.01066399
x 10 0.749554104 0.6 0.377060113 0.138295048 0.155481573 0.5 0.28489523 0.108364674 0.0264612593 0.000364387279
L 1 5
U 1 1
iter 28 nfev 30 f 28.9218315 pginf 6.60090018
x 10 0.770430745 0.6 0.404706124 0.184084993 0.166422127 0.5 0.277441855 0.100323131 0.025826886 -0.000609851833
L 1 5
U 1 1
iter 29 nfev 32 f 22.6487946 pginf 3.84813381
x 10 0.794798363 0.6 0.596070747 0.603413129 0.558959134 0.5 0.232711651 0.047720013 0.0210011489 -0.0115635879
L 1 5
U 1 1
iter 30 nfev 34 f 22.4937282 pginf 4.59156159
x 10 0.79382095 0.6 0.634375068 0.671857896 0.620644661 0.5 0.226947658 0.0410920122 0.0211179119 -0.0130608866
L 1 5
U 1 1
iter 31 nfev 35 f 22.0418836 pginf 1.96154925
x 10 0.778369634 0.6 0.655349802 0.657738027 0.597599469 0.5 0.239274059 0.0527978912 0.0193377275 -0.0077905187
L 1 5
U 1 1
iter 32 nfev 37 f 22.0110237 pginf 1.91687717
x 10 0.77676399 0.6 0.656101687 0.650980378 0.602459919 0.5 0.244453386 0.0580145603 0.0180846835 -0.00563518742
L 1 5
U 1 1
iter 33 nfev 38 f 21.9692487 pginf 2.16542244
x 10 0.772176563 0.6 0.66542244 0.66016618 0.603778296 0.5 0.253115799 0.0668182919 0.0152574003 -0.0016934772
L 1 5
U 1 1
iter 34 nfev 39 f 21.9470575 pginf 0.726412215
x 10 0.773587785 0.6 0.660827854 0.659296372 0.602510853 0.5 0.259903262 0.0749270821 0.0136834684 0.000800796119
L 1 5
U 1 1
iter 35 nfev 40 f 21.9434666 pginf 0.324303106
x 10 0.775706936 0.6 0.660290174 0.660589137 0.603782421 0.5 0.262609203 0.0789740072 0.0144938962 0.00101927054
L 1 5
U 1 1
iter 36 nfev 41 f 21.9431703 pginf 0.175609967
x 10 0.775615633 0.6 0.659905008 0.660449664 0.603791725 0.5 0.262915305 0.0796382092 0.0153243836 0.000673121572
L 1 5
U 1 1
iter 37 nfev 42 f 21.94306 pginf 0.0172186679
x 10 0.775565864 0.6 0.660060788 0.660459208 0.603773436 0.5 0.263058932 0.0799878851 0.0162007338 0.000269599068
L 1 5
U 1 1
iter 38 nfev 43 f 21.9430592 pginf 0.00128213823
x 10 0.775527621 0.6 0.660076886 0.660435589 0.603743943 0.5 0.263036772 0.0799648283 0.0162315021 0.000262531951
L 1 5
U 1 1
iter 39 nfev 44 f 21.9430592 pginf 0.000195386128
x 10 0.775530007 0.6 0.66008041 0.660437632 0.603745322 0.5 0.263037063 0.0799630912 0.0162314376 0.000262849568
L 1 5
U 1 1
iter 40 nfev 45 f 21.9430592 pginf 7.48282204e-05
x 10 0.775530303 0.6 0.660080783 0.660437741 0.603745341 0.5 0.26303718 0.0799625026 0.0162314093 0.000263084506
L 1 5
U 1 1
