# lbfgsb trace rosen_n100 (LBFGSpp 0.3.0 LBFGSBSolver<double>, MoreThuente)
problem rosen_n100
n 100
param m 10 epsilon 1e-05 epsilon_rel 1e-05 past 1 delta 1e-10 max_iterations 0 max_submin 10 max_linesearch 20 min_step 1e-20 max_step 1e+20 ftol 0.0001 wolfe 0.9
niter 43
nfev 49
status converged-delta
f_final 118.811118
pg_final 0.000273274867
iter 0 nfev 1 f 21849.38 pginf 847.6
x 100 -1.2 0.6 -1.2 1 -1.2 1 -1.2 0.6 -1.2 1 -1.2 1 -1.2 0.6 -1.2 1 -1.2 1 -1.2 1 -1.2 1 -1.2 1 -1.2 0.6 -1.2 1 -1.2 1 -1.2 0.6 -1.2 1 -1.2 1 -1.2 0.6 -1.2 1 -1.2 1 -1.2 0.6 -1.2 1 -1.2 1 -1.2 1 0.5 1 -1.2 1 -1.2 0.6 -1.2 1 -1.2 1 -1.2 0.6 -1.2 1 -1.2 1 -1.2 0.6 -1.2 1 -1.2 1 -1.2 0.6 -1.2 1 -1.2 1 -1.2 1 -1.2 1 -1.2 1 -1.2 0.6 -1.2 1 -1.2 1 -1.2 0.6 -1.2 1 -1.2 1 -1.2 0.6 -1.2 1
L 1 50
U 14 1 7 13 25 31 37 43 55 61 67 73 85 91 97
iter 1 nfev 2 f 19461.0151 pginf 486.864468
x 100 -1.19913524 0.599327409 -1.19913524 0.999199296 -0.990023467 0.999199296 -1.19913524 0.599327409 -1.19913524 0.746337074 -1.19942349 0.999199296 -1.19913524 0.599327409 -1.0310195 0.999199296 -1.19942349 0.999199296 -1.19913524 0.746337074 -1.19913524 0.999199296 -1.19942349 0.999199296 -0.928529424 0.599327409 -1.19913524 0.999199296 -1.19942349 0.746337074 -1.19913524 0.599327409 -1.19913524 0.999199296 -0.990023467 0.999199296 -1.19913524 0.599327409 -1.19913524 0.746337074 -1.19942349 0.999199296 -1.19913524 0.599327409 -1.0310195 0.999199296 -1.19942349 0.999199296 -1.19913524 0.964128475 0.5 0.999199296 -1.19942349 0.999199296 -0.928529424 0.599327409 -1.19913524 0.999199296 -1.19942349 0.746337074 -1.19913524 0.599327409 -1.19913524 0.999199296 -0.990023467 0.999199296 -1.19913524 0.599327409 -1.19913524 0.746337074 -1.19942349 0.999199296 -1.19913524 0.599327409 -1.0310195 0.999199296 -1.19942349 0.999199296 -1.19913524 0.746337074 -1.19913524 0.999199296 -1.19942349 0.999199296 -0.928529424 0.599327409 -1.19913524 0.999199296 -1.19942349 0.746337074 -1.19913524 0.599327409 -1.19913524 0.999199296 -0.990023467 0.999199296 -1.19913524 0.599327409 -1.19913524 1.02818477
L 1 50
U 0
iter 2 nfev 3 f 5228.24404 pginf 242.322033
x 100 -0.959681417 0.478252022 -0.889382091 0.641622214 -0.618912324 0.417579573 -0.701917273 0.478252022 -0.734224314 0.413895062 -0.927509347 0.534880812 -0.701917273 0.529809773 -0.743563422 0.438630867 -0.814580657 0.534880812 -0.659258048 0.414005147 -0.927344514 0.534556533 -0.814580657 0.673240851 -0.477744637 0.330942187 -0.889382091 0.534556533 -0.659385582 0.414182043 -0.814845963 0.478252022 -0.889382091 0.641622214 -0.618912324 0.417579573 -0.701917273 0.478252022 -0.734224314 0.413895062 -0.927509347 0.534880812 -0.701917273 0.529809773 -0.743563422 0.438630867 -0.814580657 0.534880812 -0.792896158 0.896260549 0.5 0.395319165 -0.814580657 0.673240851 -0.477744637 0.330942187 -0.889382091 0.534556533 -0.659385582 0.414182043 -0.814845963 0.478252022 -0.889382091 0.641622214 -0.618912324 0.417579573 -0.701917273 0.478252022 -0.734224314 0.413895062 -0.927509347 0.534880812 -0.701917273 0.529809773 -0.743563422 0.438630867 -0.814580657 0.534880812 -0.659258048 0.414005147 -0.927344514 0.534556533 -0.814580657 0.673240851 -0.477744637 0.330942187 -0.889382091 0.534556533 -0.659385582 0.414182043 -0.814845963 0.478252022 -0.889382091 0.641622214 -0.618912324 0.417579573 -0.701917273 0.478252022 -0.907167751 1.11515617
L 1 50
U 0
iter 3 nfev 4 f 2051.80778 pginf 98.2740221
x 100 -0.777886959 0.341764107 -0.586632862 0.456439894 -0.355049765 0.24656109 -0.542403097 0.273557718 -0.430400719 0.245216903 -0.599799482 0.416828725 -0.532814866 0.292073219 -0.437139279 0.274922835 -0.562441996 0.380008164 -0.407701949 0.219841088 -0.599617134 0.387280227 -0.594622831 0.478080227 -0.257446243 0.105178477 -0.569271914 0.410906753 -0.407923529 0.242667923 -0.602505131 0.279132594 -0.586632862 0.456439894 -0.355049765 0.24656109 -0.542403097 0.273557718 -0.430400719 0.245216903 -0.599799482 0.416828725 -0.532814866 0.292073219 -0.437139279 0.274922835 -0.562441996 0.345170209 -0.669475941 0.69384525 0.5 0.251236733 -0.626174041 0.478080227 -0.257446243 0.105178477 -0.569271914 0.410906753 -0.407923529 0.242667923 -0.602505131 0.279132594 -0.586632862 0.456439894 -0.355049765 0.24656109 -0.542403097 0.273557718 -0.430400719 0.245216903 -0.599799482 0.416828725 -0.532814866 0.292073219 -0.437139279 0.274922835 -0.562441996 0.380008164 -0.407701949 0.219841088 -0.599617134 0.387280227 -0.594622831 0.478080227 -0.257446243 0.105178477 -0.569271914 0.410906753 -0.407923529 0.242667923 -0.602505131 0.279132594 -0.586632862 0.456439894 -0.355049765 0.24656109 -0.542403097 0.233246473 -0.800771437 1.06070621
L 1 50
U 0
iter 4 nfev 5 f 648.164009 pginf 40.5944451
x 100 -0.589227773 0.256946179 -0.330845347 0.242781753 -0.0777387047 0.0889281944 -0.280907355 0.174789735 -0.197564414 0.0740844956 -0.398181987 0.139793254 -0.224541349 0.179116189 -0.188016493 0.11248982 -0.323611859 0.218427192 -0.151195228 0.0833648967 -0.382346902 0.143041024 -0.330063623 0.302690667 0.00526542356 0.0200567254 -0.376927777 0.191863683 -0.147357886 0.0629856745 -0.299371856 0.15840444 -0.356908795 0.242781753 -0.0777387047 0.0889281944 -0.280907355 0.174789735 -0.197564414 0.0740844956 -0.398181987 0.139793254 -0.224541349 0.179116189 -0.188016493 0.11248982 -0.297346702 0.129279345 -0.472118067 0.581757481 0.5 0.219633184 -0.366201331 0.328506078 0.00526542356 0.0200567254 -0.376927777 0.191863683 -0.147357886 0.0629856745 -0.299371856 0.15840444 -0.356908795 0.242781753 -0.0777387047 0.0889281944 -0.280907355 0.174789735 -0.197564414 0.0740844956 -0.398181987 0.139793254 -0.224541349 0.179116189 -0.188016493 0.11248982 -0.323611859 0.218427192 -0.151195228 0.0833648967 -0.382346902 0.143041024 -0.330063623 0.302690667 0.00526542356 0.0200567254 -0.376927777 0.191863683 -0.147357886 0.0629856745 -0.299371856 0.15840444 -0.356908795 0.242781753 -0.0777387047 0.0889281944 -0.251598559 0.0863139465 -0.777947527 0.801174626
L 1 50
U 0
iter 5 nfev 6 f 220.948962 pginf 90.9505093
x 100 -0.507334291 0.190099047 -0.0833527458 0.124263003 0.0577311638 0.00553667139 -0.0686591828 0.0687167122 -0.0238693442 -0.00677680834 -0.0894894099 0.112594892 -0.0535029514 0.0591564543 -0.0148487817 0.0102111799 -0.113918525 0.081592928 0.00739227301 -0.0100580851 -0.0967856863 0.0870877685 -0.14202495 0.156134584 0.118827683 0.0406417182 -0.120004112 0.109545609 0.00356594639 -0.00339076381 -0.0894532373 0.0307917084 -0.124644919 0.142196661 0.0577311638 0.00553667139 -0.0686591828 0.0687167122 -0.0238693442 -0.00677680834 -0.0894894099 0.112594892 -0.0535029514 0.0591564543 -0.0148487817 0.0161230792 -0.0583662295 0.0261756505 -0.332149999 0.456480615 0.5 0.171595579 -0.117749432 0.172269342 0.135129934 0.0406417182 -0.120004112 0.109545609 0.00356594639 -0.00339076381 -0.0894532373 0.0307917084 -0.124644919 0.142196661 0.0577311638 0.00553667139 -0.0686591828 0.0687167122 -0.0238693442 -0.00677680834 -0.0894894099 0.112594892 -0.0535029514 0.0591564543 -0.0148487817 0.0102111799 -0.113918525 0.081592928 0.00739227301 -0.0100580851 -0.0967856863 0.0870877685 -0.14202495 0.156134584 0.118827683 0.0406417182 -0.120004112 0.109545609 0.00356594639 -0.00339076381 -0.0894532373 0.0307917084 -0.124644919 0.142196661 0.0577311638 0.0107518748 -0.0193887482 0.00120899741 -0.342049583 0.571750463
L 1 50
U 0
iter 6 nfev 7 f 137.962002 pginf 15.2144886
x 100 -0.408222511 0.224892024 0.0769795464 -0.00485200673 0.0503906769 0.0384248763 0.0368810544 -0.00882793024 0.0133645791 -0.0274430493 0.0583062107 -0.00253245543 0.0419899516 -0.0139114589 0.0554641894 0.0241926474 0.0364099029 0.00613487904 0.00507501332 -0.0275000012 0.0592035483 -0.0131767126 0.0212180331 0.0175122438 0.0611615652 0.0505876062 0.0402170087 0.00953086763 0.0107680681 -0.0261051919 0.0567614324 -0.00627006347 0.0253308772 0.00588703916 0.0562072175 0.0384248763 0.0368810544 -0.00882793024 0.0133645791 -0.0274430493 0.0583062107 -0.00253245543 0.0419899516 -0.0139114589 0.0552504856 0.0247565355 0.0466074297 -0.00401393239 -0.18377685 0.347560422 0.5 0.238516158 0.0602020169 0.0122753818 0.0673861328 0.0556269413 0.0402170087 0.00953086763 0.0107680681 -0.0261051919 0.0567614324 -0.00627006347 0.0253308772 0.00588703916 0.0562072175 0.0384248763 0.0368810544 -0.00882793024 0.0133645791 -0.0274430493 0.0583062107 -0.00253245543 0.0419899516 -0.0139114589 0.0554641894 0.0241926474 0.0364099029 0.00613487904 0.00507501332 -0.0275000012 0.0592035483 -0.0131767126 0.0212180331 0.0175122438 0.0611615652 0.0505876062 0.0402170087 0.00953086763 0.0107680681 -0.0261051919 0.0567614324 -0.00627006347 0.0253308772 0.00588703916 0.0569401703 0.0388671702 0.0411210655 0.0127032725 -0.203389036 -0.0347053429
L 1 50
U 0
iter 7 nfev 8 f 126.037778 pginf 7.06954122
x 100 -0.431223716 0.191766733 0.0650022505 -0.00105313712 0.0336649932 0.0311475587 0.0122321753 0.00523688209 -0.00230504125 -0.0250698999 0.0237967487 0.00217997366 0.0140636267 -0.000773408369 0.0340196158 0.0275732229 0.0172739613 0.0116767736 -0.00516249562 -0.0239977505 0.0248431422 0.00358898087 0.017670303 -0.00246918127 0.0399859817 0.0274698118 0.0186166894 0.00731386589 -0.00386643496 -0.0259868848 0.0276433977 0.00977421991 0.0160942947 -0.00506372932 0.034830911 0.0317035543 0.0122321753 0.00523688209 -0.00230504125 -0.0250698999 0.0237967487 0.00217997366 0.0140636267 -0.000768076581 0.034038729 0.0275078044 0.0143043612 0.01103158 -0.109827087 0.300743092 0.5 0.265880777 0.0692616801 -0.000400938794 0.0400921268 0.0292055891 0.0190966606 0.00731386589 -0.00386643496 -0.0259868848 0.0276433977 0.00977421991 0.0160942947 -0.00506372932 0.034830911 0.0317035543 0.0122321753 0.00523688209 -0.00230504125 -0.0250698999 0.0237967487 0.00217997366 0.0140636267 -0.000773408369 0.0340196158 0.0275732229 0.0172739613 0.0116767736 -0.00516249562 -0.0239977505 0.0248431422 0.00358898087 0.017670303 -0.00246918127 0.0399859817 0.0274698118 0.0186166894 0.00731386589 -0.00386643496 -0.0259868848 0.0276433977 0.00977421991 0.0160942947 -0.00505599075 0.0350203331 0.0316218945 0.0116194847 0.00438211418 0.00258005123 0.00467370515
L 1 50
U 0
iter 8 nfev 9 f 123.957452 pginf 5.62712452
x 100 -0.425178819 0.202472928 0.040144179 0.0114256719 0.0263342066 0.0228189114 0.00240288864 0.0120569291 -0.00466029072 -0.0176729474 0.0111578316 0.0156957277 0.00159976411 0.00788708369 0.0230759728 0.0230186749 0.004678929 0.0155838326 -0.00467331025 -0.017691951 0.0114151563 0.0168800663 0.00468206996 0.00282605555 0.032290568 0.0193673279 0.00516819468 0.0150156152 -0.00531849522 -0.0183046186 0.0107239285 0.0129008054 0.0056287655 0.00565608852 0.0259101237 0.0229296897 0.00243979905 0.0120569291 -0.00466029072 -0.0176729474 0.0111578316 0.0156957277 0.00159992252 0.00788758484 0.0230945008 0.0227603351 0.00361059649 0.012701587 -0.0486562413 0.256182419 0.5 0.263967369 0.0752515787 0.0086378887 0.0317348949 0.0190013597 0.00529185185 0.0150347346 -0.00531849522 -0.0183046186 0.0107239285 0.0129008054 0.0056287655 0.00565608852 0.0259101237 0.0229296897 0.00243979905 0.0120569291 -0.00466029072 -0.0176729474 0.0111578316 0.0156957277 0.00159976411 0.00788708369 0.0230759728 0.0230186749 0.004678929 0.0155838326 -0.00467331025 -0.017691951 0.0114151563 0.0168800663 0.00468206996 0.00282605555 0.032290568 0.0193673279 0.00516819468 0.0150156152 -0.00531849522 -0.0183046186 0.0107239285 0.0129008054 0.0056290286 0.00565484978 0.0258459748 0.0228310326 0.00217475901 0.00852818344 0.0232295754 0.00773124217
L 1 50
U 0
iter 9 nfev 10 f 122.90773 pginf 3.56267486
x 100 -0.433038092 0.184923309 0.0437658986 0.0134603782 0.0186991824 0.018225295 0.002149292 0.0130329959 -0.00207563878 -0.00745707574 0.0091848584 0.0191610787 0.000439287232 0.0114717784 0.0164803826 0.0186297628 0.0032239925 0.0148910471 -0.00197872262 -0.00786876848 0.00883058475 0.0199519819 0.00412130866 0.0059617696 0.0222251326 0.0160784431 0.00396661263 0.0159208759 -0.00291697232 -0.00729687343 0.00568062288 0.012222843 0.00555419802 0.0109483246 0.0176660148 0.0180448471 0.00215687424 0.0130332426 -0.00207563878 -0.00745707574 0.0091848584 0.0191610856 0.000439290145 0.0114707619 0.0164805531 0.0185158022 0.00269795769 0.01509602 0.0245707128 0.196971377 0.5 0.270273261 0.0815193275 0.0139373186 0.0215939104 0.0150721701 0.00382051136 0.0159220133 -0.00291617926 -0.00729687343 0.00568062288 0.012222843 0.00555419802 0.0109483246 0.0176660148 0.0180448471 0.00215687424 0.0130332426 -0.00207563878 -0.00745707574 0.0091848584 0.0191610787 0.000439287232 0.0114717784 0.0164803826 0.0186297628 0.0032239925 0.0148910471 -0.00197872262 -0.00786876848 0.00883058475 0.0199519819 0.00412130866 0.0059617696 0.0222251326 0.0160784431 0.00396661263 0.0159208759 -0.00291697232 -0.00729687343 0.00568062288 0.0122228523 0.00555417825 0.0109451652 0.0175329464 0.0179925917 0.00161713585 0.012412813 0.0353158532 -0.00390005549
L 1 50
U 0
iter 10 nfev 11 f 122.405792 pginf 1.76893568
x 100 -0.41620958 0.198945427 0.041163162 0.0137562833 0.0145620106 0.016072451 0.00570180169 0.0109836705 0.00376852971 0.00154271701 0.0103824072 0.0158043147 0.00501900563 0.0102498398 0.0140326009 0.0157173603 0.00677644366 0.0133901595 0.00313542875 0.00117680124 0.00995069666 0.0157964753 0.00731061015 0.00984865905 0.0163741523 0.0143831145 0.00816450122 0.0142200106 0.00288355461 0.00186448295 0.00728609421 0.0107935354 0.00828105834 0.0120621749 0.0141988186 0.0160152644 0.00568223671 0.0109836838 0.00376853899 0.00154271701 0.0103824074 0.015804314 0.00501896398 0.0102498226 0.0140394046 0.0158093356 0.00660636706 0.0165355866 0.0455797989 0.158547904 0.5 0.269267552 0.0835756651 0.017574643 0.0164791224 0.0141587661 0.00810179522 0.0142133635 0.00288348743 0.00186447627 0.00728609421 0.0107935354 0.00828105834 0.0120621749 0.0141988186 0.0160152644 0.00568223671 0.0109836838 0.00376853899 0.00154271701 0.0103824072 0.0158043147 0.00501900563 0.0102498398 0.0140326009 0.0157173603 0.00677644366 0.0133901595 0.00313542875 0.00117680124 0.00995069666 0.0157964753 0.00731061015 0.00984865905 0.0163741523 0.0143831145 0.00816450122 0.0142200106 0.00288355461 0.00186448295 0.00728609436 0.0107935336 0.00828094278 0.0120585692 0.0141657912 0.0160518825 0.00564706689 0.0118498574 0.0208270802 0.00292558022
L 1 50
U 0
iter 11 nfev 12 f 122.163335 pginf 1.5294452
x 100 -0.41711156 0.188844213 0.0471390955 0.0126636917 0.0128127825 0.0136244668 0.00929971017 0.00958839794 0.00829468491 0.00678803466 0.0115814775 0.0118510253 0.00941509426 0.00902464219 0.0129136174 0.0130114047 0.00995094167 0.0116120396 0.00762747433 0.00661622402 0.0114231277 0.0113485532 0.00947657427 0.0114024313 0.0136693007 0.0129257815 0.0109137893 0.0120150775 0.00783226118 0.00687806862 0.0103059328 0.00983478807 0.0100302192 0.0112111918 0.0130135435 0.0136609949 0.00928960155 0.00958805403 0.00829468877 0.00678803473 0.0115814776 0.0118510204 0.00941509003 0.00902506573 0.012919905 0.0131037491 0.010308813 0.0141405674 0.0294451955 0.1441349 0.5 0.265177478 0.0827382359 0.0183615568 0.0142444113 0.0132033164 0.010940001 0.0120126136 0.00783166172 0.00687806559 0.0103059328 0.00983478807 0.0100302192 0.0112111918 0.0130135435 0.0136609949 0.00928960155 0.00958805403 0.00829468877 0.00678803473 0.0115814775 0.0118510253 0.00941509426 0.00902464219 0.0129136174 0.0130114047 0.00995094167 0.0116120396 0.00762747433 0.00661622402 0.0114231277 0.0113485532 0.00947657427 0.0114024313 0.0136693007 0.0129257815 0.0109137893 0.0120150775 0.00783226118 0.00687806862 0.0103059328 0.00983478032 0.0100301429 0.0112099293 0.0130495248 0.0137171697 0.00959289109 0.0104508985 0.00412736334 0.00367779942
L 1 50
U 0
iter 12 nfev 13 f 122.104946 pginf 0.642492391
x 100 -0.413725138 0.186888659 0.0466364667 0.0119537081 0.01122624 0.0111916432 0.0103113151 0.00947752993 0.0101733667 0.00930469341 0.011380683 0.0101233444 0.0103785088 0.00918795304 0.0114846014 0.0110444269 0.0109141064 0.0103417146 0.00981628894 0.00925234877 0.0114172211 0.0100149527 0.0107004872 0.0098406928 0.0110933571 0.0105603271 0.0112708397 0.0103265519 0.00990210546 0.00923580444 0.0110095983 0.00969684894 0.0109850632 0.00971671369 0.0112760876 0.0112154036 0.0103132192 0.00947732295 0.0101733588 0.00930469347 0.0113806829 0.0101233441 0.010378521 0.00918818174 0.0114868125 0.011050139 0.0109257024 0.0107256985 0.0139522045 0.146175425 0.5 0.264441087 0.0809011522 0.016527097 0.0113475203 0.0106615848 0.0112949598 0.0103276653 0.00990201941 0.00923579381 0.0110095983 0.00969684894 0.0109850632 0.00971671369 0.0112760876 0.0112154036 0.0103132192 0.00947732295 0.0101733588 0.00930469347 0.011380683 0.0101233444 0.0103785088 0.00918795304 0.0114846014 0.0110444269 0.0109141064 0.0103417146 0.00981628894 0.00925234877 0.0114172211 0.0100149527 0.0107004872 0.0098406928 0.0110933571 0.0105603271 0.0112708397 0.0103265519 0.00990210546 0.00923580444 0.0110095981 0.009696847 0.0109850467 0.00971799912 0.0112884599 0.0112210969 0.0103048739 0.00932163155 0.00836598155 -0.0009198573
L 1 50
U 0
iter 13 nfev 14 f 122.095045 pginf 0.599421759
x 100 -0.411809962 0.183090021 0.0450503038 0.0122239424 0.01027882 0.0101975887 0.0101067656 0.0101581221 0.0101689311 0.01012874 0.0102926029 0.0102955069 0.010091729 0.0101530651 0.0102373952 0.010210411 0.0101763236 0.0102041629 0.0101421197 0.0100792425 0.0102918601 0.0102562735 0.0101060053 0.0101495843 0.0102496669 0.0101587154 0.0102052229 0.0102652368 0.0101413804 0.0101275188 0.010173154 0.0101922326 0.0101707196 0.0102060849 0.0102190091 0.010193264 0.0101067493 0.0101582508 0.0101689277 0.0101287398 0.0102926029 0.0102955077 0.0100917296 0.0101530756 0.0102358503 0.0102082382 0.0101578595 0.0100274424 0.0121832848 0.150664623 0.5 0.262684884 0.0802119068 0.0165259463 0.0104070175 0.0101569836 0.0102017828 0.0102654628 0.0101414773 0.0101275189 0.0101731538 0.0101922326 0.0101707196 0.0102060849 0.0102190091 0.010193264 0.0101067493 0.0101582508 0.0101689277 0.0101287398 0.0102926029 0.0102955069 0.010091729 0.0101530651 0.0102373952 0.010210411 0.0101763236 0.0102041629 0.0101421197 0.0100792425 0.0102918601 0.0102562735 0.0101060053 0.0101495843 0.0102496669 0.0101587154 0.0102052229 0.0102652368 0.0101413804 0.0101275188 0.010173154 0.0101922332 0.0101707602 0.010206193 0.0102181446 0.0101893586 0.0100778263 0.0101430683 0.00968527765 0.000453528662
L 1 50
U 0
iter 14 nfev 15 f 122.090486 pginf 0.57823393
x 100 -0.407815153 0.18002895 0.043419445 0.0121794343 0.00998687938 0.00989963248 0.0101513219 0.0104216756 0.0101818499 0.0103831359 0.00991270244 0.0102993178 0.0100876237 0.0104962587 0.00985400952 0.00996450714 0.0099940827 0.0101414981 0.0102879027 0.0103814272 0.00989133487 0.0103362806 0.0100543621 0.0101899611 0.00996328051 0.0100900271 0.00990498256 0.010175914 0.0102475049 0.0104006059 0.00995841595 0.0103607034 0.00999885124 0.0102985924 0.0098980463 0.00988987813 0.0101511618 0.0104217577 0.0101818554 0.0103831358 0.0099127025 0.0102993181 0.0100876212 0.0104961443 0.00985321533 0.00995858215 0.00996067817 0.0100292884 0.0127624918 0.155505471 0.5 0.262796404 0.0795252358 0.0164708186 0.0100946816 0.0100498539 0.00989716436 0.010175666 0.0102475574 0.0104006122 0.00995841595 0.0103607034 0.00999885124 0.0102985924 0.0098980463 0.00988987813 0.0101511618 0.0104217577 0.0101818554 0.0103831358 0.00991270243 0.0102993178 0.0100876237 0.0104962587 0.00985400952 0.00996450714 0.0099940827 0.0101414981 0.0102879027 0.0103814272 0.00989133487 0.0103362806 0.0100543621 0.0101899611 0.00996328051 0.0100900271 0.00990498256 0.010175914 0.0102475049 0.0104006059 0.00995841603 0.0103607053 0.00999886551 0.0102981721 0.00989228871 0.00988597664 0.010132713 0.0104369137 0.0110682032 0.000310291006
L 1 50
U 0
iter 15 nfev 16 f 122.080006 pginf 0.590594372
x 100 -0.393568263 0.168848717 0.0387193508 0.0118769599 0.00954091633 0.00957356154 0.01023862 0.0107361854 0.0102782896 0.010873525 0.00938675784 0.0102218693 0.0101532414 0.0109081968 0.00933924967 0.0096802911 0.00980694428 0.0101002537 0.010527525 0.0109549939 0.00935379342 0.0103584785 0.0100541762 0.0103533537 0.00949463988 0.00998191545 0.00957691701 0.0100508706 0.0104513444 0.0109149704 0.00970897798 0.0105611745 0.00982384668 0.0104378403 0.00944246554 0.0095622543 0.010238266 0.0107361532 0.0102783011 0.0108735255 0.00938675788 0.0102218687 0.0101532311 0.0109080264 0.00934004054 0.009673463 0.00976929569 0.0101986554 0.0148578312 0.169171089 0.5 0.262266293 0.0790519078 0.0163170787 0.00960519691 0.00991322636 0.00956771003 0.0100500528 0.0104512947 0.0109149786 0.0097089786 0.0105611745 0.00982384668 0.0104378403 0.00944246554 0.0095622543 0.010238266 0.0107361532 0.0102783011 0.0108735255 0.00938675783 0.0102218693 0.0101532414 0.0109081968 0.00933924967 0.0096802911 0.00980694428 0.0101002537 0.010527525 0.0109549939 0.00935379342 0.0103584785 0.0100541762 0.0103533537 0.00949463988 0.00998191545 0.00957691701 0.0100508706 0.0104513444 0.0109149704 0.00970897818 0.0105611759 0.00982379652 0.0104368653 0.00943317288 0.00956169757 0.0102455813 0.0108114897 0.0124631036 0.00011067745
L 1 50
U 0
iter 16 nfev 17 f 122.065839 pginf 0.801052175
x 100 -0.369121773 0.149759887 0.0320271399 0.0113530684 0.00926982273 0.00932447318 0.0103934828 0.0107748273 0.0105397498 0.0113398923 0.0092666116 0.0100815775 0.0103351316 0.0109987666 0.00909232977 0.00944023103 0.00986282763 0.0100286487 0.0108305237 0.0114482503 0.00923706643 0.0102206469 0.0101330346 0.0105147185 0.00916369682 0.00982528599 0.00957928918 0.00995538868 0.0107574372 0.0113909325 0.00970249861 0.0105579802 0.00984692424 0.0105133603 0.0091993057 0.00931437214 0.0103930586 0.0107747527 0.0105397594 0.0113398927 0.00926661165 0.0100815763 0.0103351235 0.0109986143 0.00909365755 0.00943711068 0.00986894475 0.0102763264 0.0178097893 0.184109921 0.5 0.262846313 0.0783035973 0.0165398566 0.00928023172 0.0097633353 0.00957070168 0.0099545725 0.0107573374 0.0113909385 0.00970249915 0.0105579802 0.00984692424 0.0105133603 0.0091993057 0.00931437214 0.0103930586 0.0107747527 0.0105397594 0.0113398927 0.00926661161 0.0100815775 0.0103351316 0.0109987666 0.00909232977 0.00944023103 0.00986282763 0.0100286487 0.0108305237 0.0114482503 0.00923706643 0.0102206469 0.0101330346 0.0105147185 0.00916369682 0.00982528599 0.00957928918 0.00995538868 0.0107574372 0.0113909325 0.00970249875 0.0105579795 0.00984686132 0.0105123723 0.00919129365 0.00931706196 0.0104297456 0.0108734445 0.0122008646 6.07920713e-05
L 1 50
U 0
iter 17 nfev 18 f 122.036344 pginf 1.95179531
x 100 -0.307297915 0.103311156 0.0172228987 0.0100965997 0.00906339165 0.00916037623 0.0107501039 0.0104917767 0.0111292722 0.0120375104 0.00956001831 0.00969958647 0.0108165126 0.0107188605 0.00907636097 0.00922962406 0.0103031628 0.00990948671 0.0113386358 0.0121559773 0.00955975957 0.00976440087 0.0104832198 0.0107360411 0.00879031772 0.00957853022 0.0100592059 0.00979564359 0.0113301273 0.012073816 0.0100498285 0.010310876 0.010212723 0.0104751483 0.00909765087 0.00916151952 0.0107495983 0.0104916089 0.0111292749 0.0120375105 0.00956001832 0.00969958461 0.0108165136 0.0107188243 0.00907870199 0.00923849349 0.0104020615 0.0105277942 0.024387607 0.209018647 0.5 0.263388766 0.0785301684 0.0169330893 0.00897717885 0.00958194259 0.0100598031 0.00979511155 0.0113299478 0.0120738146 0.0100498286 0.010310876 0.010212723 0.0104751483 0.00909765087 0.00916151952 0.0107495983 0.0104916089 0.0111292749 0.0120375105 0.00956001835 0.00969958647 0.0108165126 0.0107188605 0.00907636097 0.00922962406 0.0103031628 0.00990948671 0.0113386358 0.0121559773 0.00955975957 0.00976440087 0.0104832198 0.0107360411 0.00879031772 0.00957853022 0.0100592059 0.00979564359 0.0113301273 0.012073816 0.0100498284 0.010310872 0.0102126626 0.010474817 0.00909885367 0.00917060387 0.0108325076 0.0105548144 0.0102156776 -0.000206307267
L 1 50
U 0
iter 18 nfev 19 f 122.000807 pginf 2.83142716
x 100 -0.223533832 0.0467658458 0.00263701772 0.00886159013 0.0092163116 0.00932749764 0.0111539675 0.00983954943 0.0117995726 0.0125078211 0.0104014441 0.00924372069 0.0114123413 0.00997256822 0.00955056256 0.0092836326 0.0110726163 0.00982326055 0.0117637055 0.0125836243 0.0104514722 0.00913709581 0.010993261 0.0109053138 0.00873877587 0.0094088549 0.011019165 0.00969658346 0.0118781525 0.0124965073 0.0107526801 0.00981592177 0.0108818279 0.0102901213 0.00940491135 0.00934917808 0.0111536013 0.00983929638 0.0117995615 0.0125078205 0.010401444 0.00924371861 0.0114123565 0.00997277059 0.00955364251 0.00931079913 0.0112942871 0.0108714599 0.03185275 0.225446896 0.5 0.264672775 0.0795351328 0.0176212336 0.0090510185 0.00953406756 0.0110372496 0.00969679646 0.0118779173 0.012496494 0.0107526793 0.0098159218 0.0108818279 0.0102901213 0.00940491135 0.00934917808 0.0111536013 0.00983929638 0.0117995615 0.0125078205 0.0104014441 0.00924372069 0.0114123413 0.00997256822 0.00955056256 0.0092836326 0.0110726163 0.00982326055 0.0117637055 0.0125836243 0.0104514722 0.00913709581 0.010993261 0.0109053138 0.00873877587 0.0094088549 0.011019165 0.00969658346 0.0118781525 0.0124965073 0.0107526796 0.00981591453 0.0108818066 0.0102912403 0.00942254031 0.0093662618 0.0112813633 0.0097818503 0.00651359296 -0.000474549505
L 1 50
U 0
iter 19 nfev 20 f 121.900776 pginf 2.15508287
x 100 -0.165532806 0.0205383382 0.00310178666 0.00875176484 0.0101703456 0.0101992764 0.0112379329 0.00898595117 0.0118969793 0.0118093321 0.0117026124 0.0091189558 0.011645808 0.00887524358 0.0107951828 0.00999134597 0.0118124036 0.00994287571 0.011478526 0.011765512 0.0118055873 0.00878542065 0.0113218072 0.0107836217 0.00964039806 0.00968402205 0.0121040579 0.00988592033 0.0117267073 0.0117226262 0.0115986048 0.00923597427 0.0115541562 0.00996289579 0.0104787882 0.0102411267 0.0112386175 0.00898571213 0.0118969502 0.0118093306 0.0117026122 0.00911895461 0.0116458401 0.00887574256 0.0107975436 0.0100315566 0.0121275377 0.0111721074 0.0343451519 0.214750037 0.5 0.265723647 0.0818221217 0.0181657587 0.0100855626 0.00993759221 0.0121403196 0.00988749039 0.0117265264 0.0117226007 0.011598603 0.00923597427 0.0115541562 0.00996289579 0.0104787882 0.0102411267 0.0112386175 0.00898571213 0.0118969502 0.0118093306 0.0117026125 0.0091189558 0.011645808 0.00887524358 0.0107951828 0.00999134597 0.0118124036 0.00994287571 0.011478526 0.011765512 0.0118055873 0.00878542065 0.0113218072 0.0107836217 0.00964039806 0.00968402205 0.0121040579 0.00988592033 0.0117267073 0.0117226262 0.011598604 0.00923596552 0.0115542225 0.0099658438 0.0105131722 0.0102620662 0.0113677588 0.00877261776 0.00233016945 -0.000649081668
L 1 50
U 0
iter 20 nfev 21 f 121.640478 pginf 1.50655169
x 100 -0.00655169361 -0.0212958868 0.0145904809 0.00902389767 0.0127709783 0.0126603733 0.0105136289 0.00825032125 0.0102606038 0.00812211655 0.0132920123 0.00989948485 0.0109507106 0.00757334915 0.0133623106 0.0121045537 0.011852373 0.0106175161 0.00932902088 0.00782941323 0.0133876326 0.00918850074 0.0106489471 0.0105169903 0.0130246889 0.011598464 0.012698605 0.0108560335 0.00972389222 0.00796640799 0.0123707976 0.00901358345 0.0113969551 0.00968720394 0.0131503265 0.012727528 0.0105142367 0.00825051261 0.0102605745 0.00812211453 0.0132920122 0.00989948546 0.0109507495 0.00757407456 0.0133598709 0.0121468122 0.0121859185 0.0114415006 0.0165189461 0.167583487 0.5 0.263116172 0.0867514312 0.0180784877 0.0136723316 0.0120259202 0.0127534241 0.010859547 0.00972383796 0.00796639493 0.0123707957 0.00901358335 0.0113969551 0.00968720394 0.0131503265 0.012727528 0.0105142367 0.00825051261 0.0102605745 0.00812211455 0.0132920122 0.00989948485 0.0109507106 0.00757334915 0.0133623106 0.0121045537 0.011852373 0.0106175161 0.00932902088 0.00782941323 0.0133876326 0.00918850074 0.0106489471 0.0105169903 0.0130246889 0.011598464 0.012698605 0.0108560335 0.00972389222 0.00796640794 0.0123707972 0.00901358175 0.0113972361 0.00968977341 0.0132050547 0.0127450738 0.010627523 0.00841920527 -0.00351042561 0.00260663642
L 1 50
U 0
iter 21 nfev 23 f 121.592046 pginf 1.52029814
x 100 -0.0165838643 -0.00111147602 0.0202981354 0.00955462204 0.0130616685 0.0129319302 0.0103035462 0.00815735957 0.00998162761 0.0076503373 0.0134483404 0.0101015148 0.0107143047 0.00744133512 0.0136487454 0.0123681391 0.0117961113 0.0107069334 0.0089884375 0.00730774252 0.0135451064 0.00936322669 0.010529035 0.0103948969 0.0133684454 0.0117173446 0.012722672 0.0109980709 0.00938241439 0.00749372224 0.012325629 0.0089671777 0.0113781968 0.00966859861 0.013417209 0.0129952538 0.0103041482 0.00815762728 0.00998159329 0.00765033547 0.0134483403 0.0101015162 0.0107143406 0.0074421081 0.0136451184 0.0124100198 0.0121021957 0.011210176 0.0124921036 0.149196372 0.5 0.263445151 0.0866548386 0.0181152926 0.0139913246 0.012137996 0.0127748527 0.0110016778 0.00938245965 0.00749370525 0.0123256272 0.00896717761 0.0113781968 0.00966859861 0.013417209 0.0129952538 0.0103041482 0.00815762728 0.00998159329 0.00765033549 0.0134483403 0.0101015148 0.0107143047 0.00744133512 0.0136487454 0.0123681391 0.0117961113 0.0107069334 0.0089884375 0.00730774252 0.0135451064 0.00936322669 0.010529035 0.0103948969 0.0133684454 0.0117173446 0.012722672 0.0109980709 0.00938241439 0.00749372219 0.0123256286 0.00896717633 0.0113784749 0.00967147958 0.0134706547 0.0130103419 0.010390108 0.00828381555 -0.00359490306 0.00269972688
L 1 50
U 0
iter 22 nfev 24 f 121.389358 pginf 1.49236557
x 100 0.088160335 -0.00338994209 0.0105294285 0.010416632 0.0124337123 0.0124545849 0.00947678081 0.00861663607 0.0094523608 0.00775883463 0.0126246742 0.0108160491 0.00961338255 0.00810785556 0.0129386281 0.0121885376 0.0110457716 0.0107876098 0.00862684583 0.00736581732 0.0127088419 0.0103183736 0.0101581804 0.00977601664 0.0125905688 0.0109430543 0.0118802084 0.0111135097 0.00883006869 0.00767380707 0.011187432 0.0092205723 0.0110559689 0.00978869665 0.0125856825 0.0124790498 0.00947827247 0.00861710778 0.00945230371 0.00775883412 0.0126246741 0.0108160541 0.00961340138 0.00810861282 0.0129324013 0.0122180889 0.0111010562 0.00983428412 0.0060718211 0.123849727 0.5 0.265995456 0.0831432553 0.0178886797 0.0128899209 0.0111424224 0.0119014189 0.0111170897 0.00883060044 0.00767376217 0.0111874307 0.00922057235 0.0110559689 0.00978869665 0.0125856825 0.0124790498 0.00947827247 0.00861710778 0.00945230371 0.00775883414 0.0126246743 0.0108160491 0.00961338255 0.00810785556 0.0129386281 0.0121885376 0.0110457716 0.0107876098 0.00862684583 0.00736581732 0.0127088419 0.0103183736 0.0101581804 0.00977601664 0.0125905688 0.0109430543 0.0118802084 0.0111135097 0.00883006869 0.00767380705 0.0111874316 0.00922056897 0.0110561343 0.00979292307 0.0126086965 0.0124784782 0.00937788181 0.00822311826 0.00258534931 0.00105314812
L 1 50
U 0
iter 23 nfev 26 f 121.252084 pginf 1.29621729
x 100 0.186523326 0.00779394267 0.00443914724 0.00978976226 0.0109602494 0.0108354573 0.0098867313 0.00978132282 0.00979993491 0.00923746165 0.0109012421 0.0104982407 0.00987980542 0.00964814177 0.0110310698 0.0108273278 0.0103579806 0.0103539347 0.0096048839 0.00910039647 0.0109103582 0.0104032843 0.0100954033 0.00990358802 0.0109883899 0.0104513072 0.010558395 0.0104870846 0.00964618758 0.00919174979 0.0103915506 0.00997200894 0.0103585108 0.0100591061 0.0109482646 0.0108339366 0.00988660355 0.00978155361 0.00979992883 0.00923745989 0.0109012423 0.0104982424 0.0098798227 0.00964819072 0.0110288838 0.0108243013 0.010282584 0.00981723046 0.00843966381 0.107883836 0.5 0.261090122 0.0839374358 0.0163425825 0.0112068039 0.0104703713 0.0105566765 0.0104876444 0.00964644477 0.00919175496 0.0103915489 0.00997200895 0.0103585108 0.0100591061 0.0109482646 0.0108339366 0.00988660355 0.00978155361 0.00979992883 0.0092374599 0.0109012421 0.0104982407 0.00987980542 0.00964814177 0.0110310698 0.0108273278 0.0103579806 0.0103539347 0.0096048839 0.00910039647 0.0109103582 0.0104032843 0.0100954033 0.00990358802 0.0109883899 0.0104513072 0.010558395 0.0104870846 0.00964618758 0.00919174977 0.0103915504 0.00997200804 0.0103586912 0.010059885 0.0109502053 0.0108220358 0.00981036982 0.00967195815 0.00863924555 0.000304530388
L 1 50
U 0
iter 24 nfev 27 f 121.069243 pginf 1.52284302
x 100 0.248920287 0.060756216 -0.00972273029 0.00998382562 0.00774841583 0.00777228546 0.0101563027 0.0122455141 0.0102654203 0.0121998028 0.0072071102 0.0102804013 0.00977185989 0.0128432922 0.00710468694 0.00829622345 0.00864781762 0.00976019193 0.0112432274 0.0125465314 0.00709983045 0.0110064796 0.0098398923 0.00993608103 0.00759277048 0.00910452388 0.00771359883 0.00947667688 0.0108784255 0.0123158154 0.00837837089 0.0115080021 0.00896698558 0.0106195679 0.00741887325 0.00771538574 0.0101552192 0.0122452443 0.0102654708 0.0121998031 0.00720711042 0.0102803996 0.00977183655 0.0128423947 0.00710880625 0.0082431463 0.00831633231 0.0097547359 0.0177797196 0.105879078 0.5 0.261145827 0.0763128571 0.0148113362 0.00741162371 0.00871807602 0.00766514331 0.00947283943 0.0108782786 0.0123158583 0.00837837184 0.0115080021 0.00896698559 0.0106195679 0.00741887325 0.00771538574 0.0101552192 0.0122452443 0.0102654708 0.0121998031 0.00720711015 0.0102804013 0.00977185989 0.0128432922 0.00710468694 0.00829622345 0.00864781762 0.00976019193 0.0112432274 0.0125465314 0.00709983045 0.0110064796 0.0098398923 0.00993608103 0.00759277048 0.00910452388 0.00771359883 0.00947667688 0.0108784255 0.0123158154 0.00837837109 0.0115080083 0.00896687367 0.0106156926 0.00736929824 0.00769385125 0.0100654794 0.0122712496 0.0228430194 -0.00195005095
L 1 50
U 0
iter 25 nfev 28 f 120.928374 pginf 1.86396151
x 100 0.36396151 0.100856744 0.0015073595 0.010603915 0.00758877567 0.00780071321 0.0101929844 0.012483139 0.0102214363 0.0121749232 0.00685797173 0.0102375018 0.00983368313 0.0130261384 0.00694980431 0.00823734163 0.00843155595 0.0098145654 0.0112225482 0.012601089 0.00675408213 0.0109785488 0.00976946276 0.0101304814 0.00758934935 0.00924718764 0.00747427979 0.00944928577 0.0108343979 0.0123624409 0.0082880847 0.0116415022 0.00880162032 0.0106795493 0.00729266933 0.007747408 0.0101916221 0.0124827307 0.0102214846 0.0121749267 0.00685797172 0.010237499 0.00983362251 0.0130253887 0.00695420895 0.00818704461 0.00815201105 0.0100509697 0.0138729731 0.0926423344 0.5 0.262346719 0.0718678488 0.0147422419 0.00734023843 0.00887822658 0.00742767969 0.00944487135 0.0108340334 0.0123624717 0.00828808893 0.0116415022 0.00880162032 0.0106795493 0.00729266933 0.007747408 0.0101916221 0.0124827307 0.0102214846 0.0121749267 0.00685797163 0.0102375018 0.00983368313 0.0130261384 0.00694980431 0.00823734163 0.00843155595 0.0098145654 0.0112225482 0.012601089 0.00675408213 0.0109785488 0.00976946276 0.0101304814 0.00758934935 0.00924718764 0.00747427979 0.00944928577 0.0108343979 0.0123624409 0.0082880855 0.0116415098 0.00880126435 0.0106743912 0.00724446737 0.00773650659 0.0101631188 0.0129002423 0.0229635602 -0.00111264783
L 1 50
U 0
iter 26 nfev 29 f 120.579068 pginf 1.55983913
x 100 0.413752603 0.15468175 0.0342281424 0.011400563 0.00941223012 0.00966997379 0.0102375676 0.0111033015 0.0100990206 0.0105304167 0.00887480116 0.0102215522 0.0101507351 0.0111238242 0.00925283035 0.00967931412 0.00943696835 0.0101814559 0.0103823499 0.0107339405 0.00884811199 0.0104232958 0.00994682251 0.0104655177 0.00961277992 0.0102087676 0.00917095588 0.0100021385 0.0102412033 0.010706123 0.00954748996 0.0107432151 0.0095916653 0.0104284014 0.0093631047 0.00966375748 0.0102373843 0.0111030529 0.0100990227 0.0105304221 0.00887480104 0.010221549 0.0101506707 0.0111239163 0.00925450971 0.00967361275 0.00944153335 0.0104683326 0.00482880562 0.102525733 0.5 0.259133904 0.0744150102 0.0148721876 0.00959905846 0.0101444009 0.0091620574 0.0100006911 0.0102408519 0.0107061072 0.00954749564 0.0107432152 0.00959166529 0.0104284014 0.0093631047 0.00966375748 0.0102373843 0.0111030529 0.0100990227 0.0105304221 0.00887480121 0.0102215522 0.0101507351 0.0111238242 0.00925283035 0.00967931412 0.00943696835 0.0101814559 0.0103823499 0.0107339405 0.00884811199 0.0104232958 0.00994682251 0.0104655177 0.00961277992 0.0102087676 0.00917095588 0.0100021385 0.0102412033 0.010706123 0.00954749116 0.0107432101 0.00959122946 0.0104251118 0.00935315885 0.00967643402 0.0103216169 0.0119469147 0.0132852689 0.00147660507
L 1 50
U 0
iter 27 nfev 31 f 120.324604 pginf 2.00154068
x 100 0.501540683 0.227180286 0.0539297556 0.012216589 0.0103405979 0.0104747567 0.0101682675 0.0103142066 0.0100626048 0.00981654801 0.0100619535 0.0102660325 0.0101916643 0.0101607175 0.0103673336 0.0103486841 0.0100162325 0.010323284 0.00999704385 0.00985170781 0.0100726365 0.0102099644 0.010063269 0.0104149465 0.0105216948 0.0104725983 0.010085593 0.0102937375 0.00998278316 0.00992415224 0.010176913 0.0102418349 0.0100675782 0.0102570011 0.0103560224 0.0104835894 0.0101685013 0.0103141681 0.0100625857 0.00981655131 0.0100619534 0.0102660298 0.0101916329 0.0101610501 0.0103671432 0.0103603222 0.0101022221 0.0103346736 0.00494902454 0.11713598 0.5 0.258176253 0.0760702629 0.0148573898 0.0106048111 0.0105179985 0.0100898543 0.0102938955 0.0099826182 0.00992412213 0.0101769159 0.0102418351 0.0100675781 0.0102570011 0.0103560224 0.0104835894 0.0101685013 0.0103141681 0.0100625857 0.00981655129 0.0100619536 0.0102660325 0.0101916643 0.0101607175 0.0103673336 0.0103486841 0.0100162325 0.010323284 0.00999704385 0.00985170781 0.0100726365 0.0102099644 0.010063269 0.0104149465 0.0105216948 0.0104725983 0.010085593 0.0102937375 0.00998278317 0.00992415231 0.0101769136 0.0102418199 0.010067282 0.0102557711 0.010361041 0.0104986161 0.0102533918 0.0109030875 0.00910588666 0.00169164092
L 1 50
U 0
iter 28 nfev 33 f 119.953222 pginf 2.10608434
x 100 0.606084338 0.345362707 0.101798165 0.0156034969 0.0111274273 0.0110009216 0.0102666966 0.0094897106 0.0102216762 0.00960492334 0.011289176 0.0101387906 0.0103935375 0.00932999691 0.011239441 0.0108301753 0.0108051464 0.0103311788 0.00990457717 0.00948117714 0.0113216596 0.00989260221 0.0103839696 0.0102700543 0.011092666 0.0105683836 0.0111107812 0.0104333713 0.0100425555 0.00953044842 0.01088813 0.00976279304 0.0106663197 0.0100496469 0.0111651522 0.0110202122 0.0102672727 0.00948983013 0.0102216654 0.00960492141 0.0112891758 0.0101387908 0.010393569 0.00933020562 0.0112388175 0.0108498853 0.0109107371 0.0102992902 0.0131135397 0.156348648 0.5 0.265710442 0.0757040732 0.01676888 0.0112996679 0.0106976752 0.0111294848 0.0104347455 0.0100426391 0.00953043858 0.0108881275 0.0097627931 0.0106663197 0.0100496469 0.0111651522 0.0110202122 0.0102672727 0.00948983013 0.0102216654 0.00960492143 0.011289176 0.0101387906 0.0103935374 0.00932999691 0.011239441 0.0108301753 0.0108051464 0.0103311788 0.00990457717 0.00948117714 0.0113216596 0.00989260221 0.0103839696 0.0102700543 0.011092666 0.0105683836 0.0111107812 0.0104333713 0.0100425555 0.00953044842 0.0108881291 0.00976278556 0.0106664022 0.0100514561 0.0111825265 0.01102873 0.0103061116 0.00923719289 0.00580387285 0.000312280736
L 1 50
U 0
iter 29 nfev 34 f 119.658789 pginf 2.09858811
x 100 0.677772914 0.467152631 0.187785545 0.0288708626 0.0112905905 0.0107540037 0.0100668135 0.0091740102 0.0103102853 0.0100570846 0.0117261638 0.0102988055 0.0100870687 0.00926976349 0.011179188 0.01081186 0.0111286031 0.0102452318 0.0100140371 0.00979473586 0.0117544465 0.0100981247 0.0105734064 0.00974223284 0.0107125828 0.00999995033 0.0114407732 0.0104634253 0.0101591374 0.00981441759 0.0108496653 0.0096023773 0.0110045257 0.00994859165 0.0110509058 0.010756674 0.0100685394 0.00917432623 0.0103102777 0.0100570774 0.0117261638 0.0102988105 0.0100871646 0.00926961559 0.0111778036 0.0108225816 0.0110972509 0.00971717116 0.0275580571 0.212271887 0.5 0.267015665 0.0848740015 0.0178828119 0.011016483 0.0100404424 0.0114539384 0.0104660857 0.010159693 0.00981442533 0.0108496571 0.00960237722 0.0110045258 0.00994859165 0.0110509058 0.010756674 0.0100685394 0.00917432623 0.0103102777 0.0100570775 0.0117261638 0.0102988055 0.0100870687 0.00926976349 0.011179188 0.01081186 0.0111286031 0.0102452318 0.0100140371 0.00979473586 0.0117544465 0.0100981247 0.0105734064 0.00974223284 0.0107125828 0.00999995033 0.0114407732 0.0104634253 0.0101591374 0.00981441749 0.0108496634 0.0096023813 0.0110050486 0.00995441522 0.0110572841 0.0107442823 0.00993619305 0.00756791179 0.00780652302 -0.00297473689
L 1 50
U 0
iter 30 nfev 35 f 119.437921 pginf 2.2469393
x 100 0.7469393 0.535166548 0.265573153 0.0478799834 0.0111500573 0.0102665966 0.0100498136 0.00982222641 0.010120633 0.0103862691 0.0107611319 0.010379774 0.00994174513 0.0100787619 0.0103862833 0.0104493316 0.0106216367 0.0101774718 0.0101265615 0.0102441481 0.0107419187 0.0103963731 0.0103904517 0.00976799925 0.0101930913 0.00998374513 0.0106626613 0.0103007464 0.0101731546 0.0101688499 0.0102865941 0.0100778073 0.0105297978 0.0101232597 0.0104054727 0.0102541157 0.0100513038 0.00982239934 0.0101206511 0.0103862635 0.0107611319 0.0103797801 0.0099418127 0.0100783278 0.0103862669 0.0104424553 0.0104967004 0.00992634982 0.0288289103 0.213324643 0.5 0.269334887 0.086856108 0.0189335405 0.010500944 0.00993775871 0.0106667155 0.0103023517 0.0101736054 0.0101688819 0.0102865883 0.010077807 0.0105297978 0.0101232597 0.0104054727 0.0102541157 0.0100513038 0.00982239934 0.0101206511 0.0103862635 0.0107611316 0.0103797741 0.00994174513 0.0100787619 0.0103862833 0.0104493316 0.0106216367 0.0101774718 0.0101265615 0.0102441481 0.0107419187 0.0103963731 0.0103904517 0.00976799925 0.0101930913 0.00998374513 0.0106626613 0.0103007464 0.0101731546 0.0101688498 0.0102865929 0.0100778296 0.010530313 0.0101275556 0.0103988733 0.010235925 0.00989065385 0.00836461968 0.0113470482 -0.00312523519
L 1 50
U 0
iter 31 nfev 37 f 119.278205 pginf 1.86538928
x 100 0.737405143 0.535661645 0.300893185 0.0648275424 0.0112314526 0.00993412131 0.00994181547 0.0103548176 0.00990852501 0.010489337 0.0099652219 0.0105104037 0.00973858731 0.0106793286 0.00980979692 0.0101939014 0.0101179264 0.0101645081 0.010118509 0.0104392089 0.00991789098 0.0106896784 0.0101722957 0.00977525727 0.00983415987 0.00995438903 0.00997441609 0.0102144402 0.0100704171 0.0103367578 0.00977731607 0.0104356408 0.0101162122 0.0102593582 0.00990425288 0.00990663035 0.00994289355 0.010354906 0.00990855298 0.0104893337 0.00996522192 0.0105104099 0.00973862031 0.0106787954 0.0098101161 0.0101743071 0.00992156456 0.00998595517 0.0269804851 0.199640962 0.5 0.270460421 0.0871776986 0.0194094354 0.0100997766 0.00983653791 0.00996753539 0.0102150761 0.0100707848 0.0103367973 0.00977731317 0.0104356404 0.0101162122 0.0102593582 0.00990425288 0.00990663035 0.00994289355 0.010354906 0.00990855299 0.0104893337 0.00996522158 0.0105104037 0.00973858731 0.0106793286 0.00980979692 0.0101939014 0.0101179264 0.0101645081 0.010118509 0.0104392089 0.00991789098 0.0106896784 0.0101722957 0.00977525727 0.00983415987 0.00995438903 0.00997441609 0.0102144402 0.0100704171 0.0103367577 0.00977731583 0.0104356713 0.0101166301 0.0102619589 0.00988681487 0.00988491141 0.0097646748 0.00922881605 0.0140396736 -0.00274012185
L 1 50
U 0
iter 32 nfev 38 f 118.949928 pginf 1.99862783
x 100 0.779227192 0.6 0.365127348 0.114650733 0.013271961 0.00970861968 0.0097704085 0.0110161344 0.00969838501 0.0103707605 0.0089659725 0.010651454 0.0095414483 0.0112145872 0.00927139927 0.00991666239 0.0093638157 0.0102437982 0.0100314325 0.010461911 0.00891744906 0.0109579652 0.00982126323 0.00996570976 0.00953160841 0.00996666075 0.00908977598 0.0101679401 0.00985432206 0.0104306499 0.00919077604 0.0107812203 0.00958739445 0.0104242804 0.00935022907 0.00965608959 0.00977031386 0.0110161023 0.00969839777 0.010370764 0.00896597251 0.010651458 0.00954139408 0.0112143831 0.00927095791 0.00989145262 0.00917140688 0.0103202995 0.0205597852 0.189286727 0.5 0.267891311 0.0863569159 0.0189263529 0.00970767736 0.00980635913 0.00906752739 0.0101671264 0.00985443612 0.0104306656 0.00919078038 0.01078122 0.00958739443 0.0104242804 0.00935022907 0.00965608959 0.00977031386 0.0110161023 0.00969839777 0.010370764 0.00896597225 0.010651454 0.0095414483 0.0112145872 0.00927139927 0.00991666239 0.0093638157 0.0102437982 0.0100314325 0.010461911 0.00891744906 0.0109579652 0.00982126323 0.00996570976 0.00953160841 0.00996666075 0.00908977598 0.0101679401 0.00985432205 0.0104306499 0.00919077775 0.010781249 0.00958739736 0.0104231058 0.00932504192 0.00964102483 0.00963313352 0.0110596177 0.0156932484 -0.000408876876
L 1 50
U 1 1
iter 33 nfev 39 f 118.855888 pginf 1.66927052
x 100 0.775337982 0.6 0.372431028 0.169270522 0.0319650687 0.00995372491 0.0102565696 0.0105918824 0.0102355927 0.0104608582 0.00958371365 0.0101474486 0.0102214656 0.0106378427 0.00968958494 0.00983439976 0.0098778593 0.0101164014 0.0103800543 0.0105518951 0.00957540333 0.0102592346 0.0101302823 0.0102709982 0.00979583502 0.0100711947 0.00972393576 0.0100348552 0.010312089 0.0105325442 0.00988806227 0.0104139852 0.00995531965 0.0102791245 0.00972589823 0.00979907474 0.0102550717 0.0105917583 0.0102355957 0.0104608594 0.00958371387 0.0101474444 0.0102214517 0.0106377527 0.00969009322 0.00982694435 0.00986435693 0.0102442983 0.0101354612 0.156494711 0.5 0.261912024 0.0807014442 0.0163967167 0.00996289572 0.0100272744 0.00971509871 0.0100336039 0.0103119296 0.0105325405 0.00988806368 0.0104139854 0.00995531964 0.0102791245 0.00972589823 0.00979907474 0.0102550717 0.0105917583 0.0102355957 0.0104608594 0.00958371388 0.0101474486 0.0102214656 0.0106378427 0.00968958494 0.00983439976 0.0098778593 0.0101164014 0.0103800543 0.0105518951 0.00957540333 0.0102592346 0.0101302823 0.0102709982 0.00979583502 0.0100711947 0.00972393576 0.0100348552 0.010312089 0.0105325443 0.00988806295 0.010413975 0.00995509214 0.0102772937 0.00971964056 0.00979966718 0.010303048 0.0110142112 0.0117996588 0.000562319979
L 1 50
U 1 1
iter 34 nfev 40 f 118.812048 pginf 0.285123518
x 100 0.775267383 0.6 0.373916689 0.151957403 0.0320061293 0.0105952981 0.0101960642 0.0103863496 0.0101786672 0.0102472185 0.00992611372 0.0102093608 0.0101830419 0.0103889976 0.0100086694 0.0100779381 0.0100287141 0.0101908091 0.010232995 0.0102877439 0.00992389715 0.010258323 0.0101444692 0.0102344639 0.0100675763 0.0101729335 0.00997012228 0.0101542163 0.0101995026 0.010287307 0.0100512405 0.0103044375 0.0100769003 0.0102422023 0.0100173822 0.0100690704 0.0101938717 0.0103862956 0.0101786671 0.0102472196 0.00992611377 0.0102093596 0.0101830269 0.0103889929 0.0100085836 0.0100738025 0.0100203241 0.0103107693 0.0133449232 0.164694319 0.5 0.2639171 0.0807636332 0.0169996062 0.010255242 0.010157436 0.00996527949 0.0101536197 0.0101994322 0.0102873052 0.0100512417 0.0103044376 0.0100769003 0.0102422023 0.0100173822 0.0100690704 0.0101938717 0.0103862956 0.0101786671 0.0102472196 0.00992611378 0.0102093608 0.0101830419 0.0103889976 0.0100086694 0.0100779381 0.0100287141 0.0101908091 0.010232995 0.0102877439 0.00992389715 0.010258323 0.0101444692 0.0102344639 0.0100675763 0.0101729335 0.00997012228 0.0101542163 0.0101995026 0.0102873071 0.0100512409 0.0103044353 0.010076799 0.0102412215 0.0100144175 0.0100689691 0.0102075653 0.0106270574 0.0107199279 0.00045832825
L 1 50
U 1 1
iter 35 nfev 41 f 118.811325 pginf 0.137040712
x 100 0.775630137 0.6 0.374832768 0.151954842 0.0329910737 0.0109241158 0.0102154162 0.0102848951 0.010201074 0.0102204583 0.0100877451 0.0102010375 0.0102067957 0.0102816556 0.0101250673 0.0101473741 0.0101305996 0.0101988866 0.010222075 0.0102395177 0.0100878596 0.0102200045 0.0101819283 0.0102244268 0.0101521053 0.0101950349 0.0101062868 0.0101814741 0.0102079948 0.0102404165 0.0101476448 0.0102464609 0.010152255 0.0102201942 0.0101280214 0.0101485176 0.0102080435 0.0102848444 0.0102010733 0.0102204588 0.0100877451 0.0102010368 0.0102067889 0.0102816554 0.010125001 0.0101456888 0.0101305603 0.0102930959 0.0138062289 0.164013294 0.5 0.263452651 0.0805744881 0.016800088 0.0103389025 0.0101920397 0.0101042009 0.0101811581 0.0102079528 0.0102404148 0.0101476453 0.010246461 0.010152255 0.0102201942 0.0101280214 0.0101485176 0.0102080435 0.0102848444 0.0102010733 0.0102204588 0.0100877451 0.0102010375 0.0102067957 0.0102816556 0.0101250673 0.0101473741 0.0101305996 0.0101988866 0.010222075 0.0102395177 0.0100878596 0.0102200045 0.0101819283 0.0102244268 0.0101521053 0.0101950349 0.0101062868 0.0101814741 0.0102079948 0.0102404165 0.010147645 0.0102464586 0.0101521977 0.0102197085 0.0101269486 0.0101488596 0.0102188838 0.0104048438 0.0102699457 0.000290315802
L 1 50
U 1 1
iter 36 nfev 42 f 118.811161 pginf 0.0645981807
x 100 0.775533645 0.6 0.37512526 0.152252084 0.0336661586 0.0111784548 0.0102306351 0.0102115559 0.0102173502 0.0102099224 0.0102040318 0.0101976293 0.0102199838 0.0102079433 0.0102041899 0.010196717 0.0102060373 0.0102040547 0.0102163921 0.0102125449 0.0102052184 0.0101966345 0.0102104644 0.0102129882 0.0102057357 0.0102059637 0.0102050433 0.0102013465 0.0102161682 0.0102131593 0.010213713 0.0102060652 0.0102079184 0.0102052043 0.0102035374 0.0102013298 0.0102164153 0.0102114442 0.0102173493 0.0102099224 0.0102040318 0.010197629 0.0102199836 0.010207942 0.0102041657 0.0101967262 0.0102100611 0.0102811116 0.0143162383 0.163540122 0.5 0.263185881 0.0802882338 0.0166495429 0.0103875423 0.0102106777 0.0102049468 0.0102012612 0.0102161532 0.0102131582 0.0102137129 0.0102060652 0.0102079184 0.0102052043 0.0102035374 0.0102013298 0.0102164153 0.0102114442 0.0102173493 0.0102099224 0.0102040318 0.0101976293 0.0102199838 0.0102079433 0.0102041899 0.010196717 0.0102060373 0.0102040547 0.0102163921 0.0102125449 0.0102052184 0.0101966345 0.0102104644 0.0102129882 0.0102057357 0.0102059637 0.0102050433 0.0102013465 0.0102161682 0.0102131593 0.0102137129 0.0102060634 0.0102079008 0.0102051222 0.0102036793 0.0102017598 0.0102224644 0.0102287629 0.00998185907 0.000132945156
L 1 50
U 1 1
iter 37 nfev 43 f 118.811129 pginf 0.0214226615
x 100 0.775560765 0.6 0.375083731 0.152354329 0.0336332114 0.0112698503 0.010231471 0.0102032436 0.0102100756 0.0102072258 0.0102177413 0.0102076156 0.0102103399 0.0102024889 0.0102149249 0.0102122659 0.0102144402 0.010208851 0.0102081982 0.0102060649 0.0102178512 0.0102056413 0.0102106923 0.0102082755 0.0102137597 0.0102103071 0.0102164258 0.0102099107 0.0102093947 0.0102060979 0.0102146788 0.0102053569 0.0102126483 0.0102070796 0.010214972 0.0102131648 0.0102099131 0.0102029412 0.0102100732 0.0102072258 0.0102177413 0.0102076156 0.0102103404 0.0102024883 0.010214932 0.0102124985 0.0102166493 0.010293074 0.0146561264 0.163179382 0.5 0.26311864 0.0800815818 0.0165962362 0.0103882039 0.0102148966 0.010216713 0.0102099256 0.0102093942 0.0102060977 0.0102146787 0.0102053569 0.0102126483 0.0102070796 0.010214972 0.0102131648 0.0102099131 0.0102029412 0.0102100732 0.0102072258 0.0102177413 0.0102076156 0.0102103399 0.0102024889 0.0102149249 0.0102122659 0.0102144402 0.010208851 0.0102081982 0.0102060649 0.0102178512 0.0102056413 0.0102106923 0.0102082755 0.0102137597 0.0102103071 0.0102164258 0.0102099107 0.0102093947 0.0102060979 0.0102146787 0.0102053566 0.0102126494 0.0102071114 0.0102151051 0.0102133337 0.0102102688 0.0101909292 0.00997821467 8.92062129e-05
L 1 50
U 1 1
iter 38 nfev 44 f 118.811121 pginf 0.0101165468
x 100 0.775531403 0.6 0.375009037 0.152314216 0.0335636173 0.0112586633 0.0102324706 0.0102081414 0.0102070389 0.0102080645 0.0102098132 0.0102097712 0.0102074828 0.0102082258 0.0102098336 0.0102110013 0.0102096949 0.0102091707 0.0102072338 0.0102076597 0.0102095165 0.0102097207 0.0102083804 0.0102085186 0.0102100447 0.0102103372 0.0102098897 0.0102096565 0.0102075146 0.0102073 0.0102085641 0.0102089628 0.0102086014 0.010209123 0.0102103795 0.0102104842 0.0102080318 0.0102076283 0.0102070314 0.0102080644 0.0102098132 0.0102097712 0.0102074828 0.0102082259 0.0102098483 0.0102110695 0.0102113206 0.0103054098 0.0147962604 0.16287015 0.5 0.263044379 0.0800134677 0.0165654141 0.0103815515 0.010214004 0.01021006 0.0102096772 0.0102075169 0.0102073002 0.0102085641 0.0102089628 0.0102086014 0.010209123 0.0102103795 0.0102104842 0.0102080318 0.0102076283 0.0102070314 0.0102080644 0.0102098132 0.0102097712 0.0102074828 0.0102082258 0.0102098336 0.0102110013 0.0102096949 0.0102091707 0.0102072338 0.0102076597 0.0102095165 0.0102097207 0.0102083804 0.0102085186 0.0102100447 0.0102103372 0.0102098897 0.0102096565 0.0102075146 0.0102073 0.0102085641 0.0102089632 0.010208605 0.0102091392 0.0102103926 0.0102104441 0.0102070308 0.0101993617 0.0100028058 9.50531328e-05
L 1 50
U 1 1
iter 39 nfev 45 f 118.811119 pginf 0.00625192554
x 100 0.77553429 0.6 0.374981749 0.152264864 0.0335246655 0.011241604 0.0102318641 0.0102109836 0.0102069647 0.0102084406 0.0102052365 0.010209242 0.0102075955 0.0102108314 0.0102066747 0.0102083808 0.0102066897 0.0102086774 0.0102078733 0.0102088022 0.0102050065 0.0102099377 0.010207467 0.0102090271 0.0102077059 0.0102094669 0.0102059658 0.0102084338 0.0102075899 0.0102085184 0.0102062796 0.010210164 0.0102066005 0.0102094186 0.0102071654 0.0102079558 0.0102080319 0.0102104249 0.0102069536 0.0102084405 0.0102052365 0.010209242 0.0102075953 0.0102108318 0.0102066833 0.0102083679 0.0102084567 0.0103080811 0.0147987212 0.162705753 0.5 0.263042808 0.0799963163 0.0165632726 0.0103788035 0.0102128093 0.0102060297 0.0102084403 0.0102075909 0.0102085186 0.0102062797 0.010210164 0.0102066005 0.0102094186 0.0102071654 0.0102079558 0.0102080319 0.0102104249 0.0102069536 0.0102084405 0.0102052365 0.010209242 0.0102075955 0.0102108314 0.0102066747 0.0102083808 0.0102066897 0.0102086774 0.0102078733 0.0102088022 0.0102050065 0.0102099377 0.010207467 0.0102090271 0.0102077059 0.0102094669 0.0102059658 0.0102084338 0.0102075899 0.0102085184 0.0102062797 0.0102101643 0.0102066018 0.0102094133 0.0102071325 0.0102078909 0.0102074616 0.0102075823 0.0100123216 0.00010311744
L 1 50
U 1 1
iter 40 nfev 46 f 118.811118 pginf 0.00371676465
x 100 0.775522588 0.6 0.374963041 0.15222636 0.033509581 0.0112351033 0.0102305412 0.0102097765 0.0102083192 0.0102086756 0.0102070065 0.0102084 0.0102082824 0.0102093612 0.0102073695 0.0102076836 0.0102075482 0.0102082757 0.010208592 0.0102088756 0.0102070071 0.0102086605 0.0102081606 0.0102084463 0.010207633 0.0102081047 0.010207246 0.0102080878 0.0102084097 0.0102088732 0.0102076132 0.0102088628 0.0102078261 0.0102085436 0.0102073987 0.0102076147 0.0102083521 0.0102092924 0.0102083071 0.0102086753 0.0102070065 0.0102084 0.0102082823 0.0102093612 0.0102073689 0.0102077024 0.0102095469 0.0103042918 0.01476295 0.162586228 0.5 0.263051724 0.0800160001 0.0165678025 0.0103793617 0.0102115381 0.0102072906 0.0102080861 0.0102084095 0.0102088732 0.0102076132 0.0102088628 0.0102078261 0.0102085436 0.0102073987 0.0102076147 0.0102083521 0.0102092924 0.0102083071 0.0102086753 0.0102070065 0.0102084 0.0102082824 0.0102093612 0.0102073695 0.0102076836 0.0102075482 0.0102082757 0.010208592 0.0102088756 0.0102070071 0.0102086605 0.0102081606 0.0102084463 0.010207633 0.0102081047 0.010207246 0.0102080878 0.0102084097 0.0102088732 0.0102076132 0.0102088628 0.0102078255 0.0102085389 0.0102073792 0.0102076028 0.0102083469 0.0102061558 0.0100084052 0.00010127458
L 1 50
U 1 1
iter 41 nfev 47 f 118.811118 pginf 0.00447431349
x 100 0.775539521 0.6 0.374971127 0.15222948 0.0335114632 0.0112353705 0.0102304796 0.0102090213 0.0102086574 0.0102085725 0.0102081661 0.0102082569 0.0102085147 0.0102084963 0.0102081368 0.0102080057 0.0102082037 0.0102083169 0.0102086305 0.0102086298 0.0102082075 0.0102082808 0.01020842 0.0102083882 0.0102080715 0.0102080649 0.0102081618 0.0102082465 0.0102085787 0.0102086879 0.0102083404 0.0102083636 0.0102083864 0.0102083362 0.0102080437 0.0102080541 0.010208448 0.0102085739 0.0102086472 0.0102085722 0.0102081661 0.0102082569 0.0102085147 0.0102084963 0.0102081358 0.0102080451 0.0102102086 0.0103028798 0.014746209 0.162544614 0.5 0.263061577 0.0800251768 0.0165719547 0.0103801497 0.0102116113 0.0102082194 0.0102082452 0.0102085784 0.0102086879 0.0102083404 0.0102083636 0.0102083864 0.0102083362 0.0102080437 0.0102080541 0.010208448 0.0102085739 0.0102086472 0.0102085722 0.0102081661 0.0102082569 0.0102085147 0.0102084963 0.0102081368 0.0102080057 0.0102082037 0.0102083169 0.0102086305 0.0102086298 0.0102082075 0.0102082808 0.01020842 0.0102083882 0.0102080715 0.0102080649 0.0102081618 0.0102082465 0.0102085787 0.0102086879 0.0102083404 0.0102083635 0.0102083859 0.0102083339 0.0102080403 0.0102080599 0.0102084765 0.0102049345 0.0100045707 0.000100733942
L 1 50
U 1 1
iter 42 nfev 48 f 118.811118 pginf 0.000358143336
x 100 0.775530619 0.6 0.374968336 0.152226165 0.0335146476 0.0112366471 0.0102305178 0.0102088009 0.0102086551 0.0102085065 0.0102085296 0.0102082746 0.0102085351 0.0102082933 0.0102084009 0.0102082129 0.0102084478 0.0102083458 0.0102085738 0.0102085088 0.0102085667 0.0102082356 0.0102084986 0.0102083561 0.0102083014 0.0102081703 0.0102084769 0.0102083281 0.0102085696 0.0102085542 0.0102085471 0.0102082703 0.0102085406 0.0102083026 0.0102083259 0.0102082679 0.0102084743 0.0102083548 0.0102086453 0.0102085062 0.0102085296 0.0102082746 0.0102085351 0.0102082933 0.0102084003 0.0102082575 0.0102104468 0.0103026092 0.0147449596 0.162561205 0.5 0.263063373 0.0800277739 0.0165728138 0.0103804674 0.0102117483 0.0102085437 0.0102083278 0.0102085694 0.0102085542 0.0102085471 0.0102082703 0.0102085406 0.0102083026 0.0102083259 0.0102082679 0.0102084743 0.0102083548 0.0102086453 0.0102085062 0.0102085296 0.0102082746 0.0102085351 0.0102082933 0.0102084009 0.0102082129 0.0102084478 0.0102083458 0.0102085738 0.0102085088 0.0102085667 0.0102082356 0.0102084986 0.0102083561 0.0102083014 0.0102081703 0.0102084769 0.0102083281 0.0102085696 0.0102085542 0.0102085471 0.0102082702 0.0102085402 0.0102083019 0.0102083264 0.0102082757 0.0102084878 0.0102042904 0.0100038068 0.000100085983
L 1 50
U 1 1
iter 43 nfev 49 f 118.811118 pginf 0.000273274867
x 100 0.77553032 0.6 0.374968994 0.152227686 0.0335158007 0.0112373323 0.0102305958 0.0102087806 0.0102085866 0.0102084735 0.010208571 0.0102083289 0.0102085021 0.0102082901 0.0102084613 0.0102083247 0.0102084889 0.0102083803 0.0102085161 0.0102084631 0.0102085947 0.0102082894 0.0102084881 0.0102083757 0.010208381 0.0102082719 0.0102085234 0.0102083798 0.0102085235 0.010208492 0.0102085486 0.0102083011 0.0102085334 0.0102083379 0.010208412 0.0102083624 0.0102084607 0.0102083321 0.0102085771 0.0102084732 0.010208571 0.0102083289 0.0102085021 0.0102082901 0.0102084613 0.0102083695 0.0102104686 0.0103026509 0.0147451287 0.162563119 0.5 0.263064114 0.0800286365 0.0165732013 0.0103805707 0.0102118577 0.0102085943 0.0102083803 0.0102085234 0.010208492 0.0102085486 0.0102083011 0.0102085334 0.0102083379 0.010208412 0.0102083624 0.0102084607 0.0102083321 0.0102085771 0.0102084732 0.010208571 0.0102083289 0.0102085021 0.0102082901 0.0102084613 0.0102083247 0.0102084889 0.0102083803 0.0102085161 0.0102084631 0.0102085947 0.0102082894 0.0102084881 0.0102083757 0.010208381 0.0102082719 0.0102085234 0.0102083798 0.0102085235 0.010208492 0.0102085486 0.0102083011 0.0102085331 0.0102083378 0.0102084134 0.0102083681 0.010208436 0.0102041416 0.010003696 9.9985327e-05
L 1 50
U 1 1
