# lbfgsb trace rosenbox_upstream_n25 (LBFGSpp 0.3.0 LBFGSBSolver<double>, MoreThuente)
problem rosenbox_upstream_n25
n 25
param m 10 epsilon 1e-05 epsilon_rel 1e-05 past 1 delta 1e-10 max_iterations 0 max_submin 10 max_linesearch 20 min_step 1e-20 max_step 1e+20 ftol 0.0001 wolfe 0.9
niter 13
nfev 14
status converged-grad
f_final 360.283586
pg_final 7.01713569e-06
iter 0 nfev 1 f 4165 pginf 280
x 25 2 2 3 3 3 4 3 4 3 3 3 3 3 3 3 3 3 3 3 3 3 3 3 3 3
L 2 0 1
U 2 5 7
iter 1 nfev 2 f 4009.90579 pginf 16.1414142
x 25 2 2 2.00017852 2.99642921 2.99642921 3.99285842 2.99642921 3.99285842 2.99642921 2.99642921 2.99642921 2.99642921 2.99642921 2.99642921 2.99642921 2.99642921 2.99642921 2.99642921 2.99642921 2.99642921 2.99642921 2.99642921 2.99642921 2.99642921 3.00357079
L 2 0 1
U 0
iter 2 nfev 3 f 559.295709 pginf 22.7645152
x 25 2 2 1.83458419 2 2.29759437 2 2.5009737 2 2.3265802 2.12320086 2.12320086 2.12320086 2.12320086 2.12320086 2.12320086 2.12320086 2.12320086 2.12320086 2.12320086 2.12320086 2.12320086 2.12320086 2.12320086 2.12463978 3.17898246
L 5 0 1 3 5 7
U 0
iter 3 nfev 4 f 364.047627 pginf 10.4521048
x 25 2 2 1.73937101 2 2 2 2 2 2 2 2 2 2 2 2 2 2 2 2 2 2 2 2 2 3.22540692
L 23 0 1 3 4 5 6 7 8 9 10 11 12 13 14 15 16 17 18 19 20 21 22 23
U 0
iter 4 nfev 5 f 363.533347 pginf 5.69585442
x 25 2 2 1.69902176 2 2 2 2 2 2 2 2 2 2 2 2 2 2 2 2 2 2 2 2 2 3.25660003
L 23 0 1 3 4 5 6 7 8 9 10 11 12 13 14 15 16 17 18 19 20 21 22 23
U 0
iter 5 nfev 6 f 362.799326 pginf 3.08231078
x 25 2 2 1.61777246 2 2 2 2 2 2 2 2 2 2 2 2 2 2 2 2 2 2 2 2 2 3.37238337
L 23 0 1 3 4 5 6 7 8 9 10 11 12 13 14 15 16 17 18 19 20 21 22 23
U 0
iter 6 nfev 7 f 362.435302 pginf 5.73580178
x 25 2 2 1.59112213 2 2 2 2 2 2 2 2 2 2 2 2 2 2 2 2 2 2 2 2 2 3.4770657
L 23 0 1 3 4 5 6 7 8 9 10 11 12 13 14 15 16 17 18 19 20 21 22 23
U 0
iter 7 nfev 8 f 361.729071 pginf 7.73508424
x 25 2 2 1.57028226 2 2 2 2 2 2 2 2 2 2 2 2 2 2 2 2 2 2 2 2 2 3.75143915
L 23 0 1 3 4 5 6 7 8 9 10 11 12 13 14 15 16 17 18 19 20 21 22 23
U 0
iter 8 nfev 9 f 360.985879 pginf 8.39486047
x 25 2 2 1.56325054 2 2 2 2 2 2 2 2 2 2 2 2 2 2 2 2 2 2 2 2 2.0423083 4
L 22 0 1 3 4 5 6 7 8 9 10 11 12 13 14 15 16 17 18 19 20 21 22
U 1 24
iter 9 nfev 10 f 360.501072 pginf 3.24823981
x 25 2 2 1.61613767 2 2 2 2 2 2 2 2 2 2 2 2 2 2 2 2 2 2 2 2 2.06268523 4
L 22 0 1 3 4 5 6 7 8 9 10 11 12 13 14 15 16 17 18 19 20 21 22
U 1 24
iter 10 nfev 11 f 360.284608 pginf 0.434510586
x 25 2 2 1.65150292 2 2 2 2 2 2 2 2 2 2 2 2 2 2 2 2 2 2 2 2 2.10777018 4
L 22 0 1 3 4 5 6 7 8 9 10 11 12 13 14 15 16 17 18 19 20 21 22
U 1 24
iter 11 nfev 12 f 360.283591 pginf 0.0273279344
x 25 2 2 1.64768376 2 2 2 2 2 2 2 2 2 2 2 2 2 2 2 2 2 2 2 2 2.10894472 4
L 22 0 1 3 4 5 6 7 8 9 10 11 12 13 14 15 16 17 18 19 20 21 22
U 1 24
iter 12 nfev 13 f 360.283586 pginf 0.000287960108
x 25 2 2 1.64742821 2 2 2 2 2 2 2 2 2 2 2 2 2 2 2 2 2 2 2 2 2.10909518 4
L 22 0 1 3 4 5 6 7 8 9 10 11 12 13 14 15 16 17 18 19 20 21 22
U 1 24
iter 13 nfev 14 f 360.283586 pginf 7.01713569e-06
x 25 2 2 1.64742662 2 2 2 2 2 2 2 2 2 2 2 2 2 2 2 2 2 2 2 2 2.10909331 4
L 22 0 1 3 4 5 6 7 8 9 10 11 12 13 14 15 16 17 18 19 20 21 22
U 1 24
