# lbfgsb trace rosen_n100 (LBFGSpp 0.3.0 LBFGSBSolver<double>, MoreThuente)
problem rosen_n100
n 100
param m 10 epsilon 1e-05 epsilon_rel 1e-05 past 1 delta 0.001 max_iterations 0 max_submin 10 max_linesearch 20 min_step 1e-20 max_step 1e+20 ftol 0.0001 wolfe 0.9
niter 12
nfev 13
status converged-delta
f_final 122.104946
pg_final 0.642492391
iter 0 nfev 1 f 21849.38 pginf 847.6
x 100 -1.2 0.6 -1.2 1 -1.2 1 -1.2 0.6 -1.2 1 -1.2 1 -1.2 0.6 -1.2 1 -1.2 1 -1.2 1 -1.2 1 -1.2 1 -1.2 0.6 -1.2 1 -1.2 1 -1.2 0.6 -1.2 1 -1.2 1 -1.2 0.6 -1.2 1 -1.2 1 -1.2 0.6 -1.2 1 -1.2 1 -1.2 1 0.5 1 -1.2 1 -1.2 0.6 -1.2 1 -1.2 1 -1.2 0.6 -1.2 1 -1.2 1 -1.2 0.6 -1.2 1 -1.2 1 -1.2 0.6 -1.2 1 -1.2 1 -1.2 1 -1.2 1 -1.2 1 -1.2 0.6 -1.2 1 -1.2 1 -1.2 0.6 -1.2 1 -1.2 1 -1.2 0.6 -1.2 1
L 1 50
U 14 1 7 13 25 31 37 43 55 61 67 73 85 91 97
iter 1 nfev 2 f 19461.0151 pginf 486.864468
x 100 -1.19913524 0.599327409 -1.19913524 0.999199296 -0.990023467 0.999199296 -1.19913524 0.599327409 -1.19913524 0.746337074 -1.19942349 0.999199296 -1.19913524 0.599327409 -1.0310195 0.999199296 -1.19942349 0.999199296 -1.19913524 0.746337074 -1.19913524 0.999199296 -1.19942349 0.999199296 -0.928529424 0.599327409 -1.19913524 0.999199296 -1.19942349 0.746337074 -1.19913524 0.599327409 -1.19913524 0.999199296 -0.990023467 0.999199296 -1.19913524 0.599327409 -1.19913524 0.746337074 -1.19942349 0.999199296 -1.19913524 0.599327409 -1.0310195 0.999199296 -1.19942349 0.999199296 -1.19913524 0.964128475 0.5 0.999199296 -1.19942349 0.999199296 -0.928529424 0.599327409 -1.19913524 0.999199296 -1.19942349 0.746337074 -1.19913524 0.599327409 -1.19913524 0.999199296 -0.990023467 0.999199296 -1.19913524 0.599327409 -1.19913524 0.746337074 -1.19942349 0.999199296 -1.19913524 0.599327409 -1.0310195 0.999199296 -1.19942349 0.999199296 -1.19913524 0.746337074 -1.19913524 0.999199296 -1.19942349 0.999199296 -0.928529424 0.599327409 -1.19913524 0.999199296 -1.19942349 0.746337074 -1.19913524 0.599327409 -1.19913524 0.999199296 -0.990023467 0.999199296 -1.19913524 0.599327409 -1.19913524 1.02818477
L 1 50
U 0
iter 2 nfev 3 f 5228.24404 pginf 242.322033
x 100 -0.959681417 0.478252022 -0.889382091 0.641622214 -0.618912324 0.417579573 -0.701917273 0.478252022 -0.734224314 0.413895062 -0.927509347 0.534880812 -0.701917273 0.529809773 -0.743563422 0.438630867 -0.814580657 0.534880812 -0.659258048 0.414005147 -0.927344514 0.534556533 -0.814580657 0.673240851 -0.477744637 0.330942187 -0.889382091 0.534556533 -0.659385582 0.414182043 -0.814845963 0.478252022 -0.889382091 0.641622214 -0.618912324 0.417579573 -0.701917273 0.478252022 -0.734224314 0.413895062 -0.927509347 0.534880812 -0.701917273 0.529809773 -0.743563422 0.438630867 -0.814580657 0.534880812 -0.792896158 0.896260549 0.5 0.395319165 -0.814580657 0.673240851 -0.477744637 0.330942187 -0.889382091 0.534556533 -0.659385582 0.414182043 -0.814845963 0.478252022 -0.889382091 0.641622214 -0.618912324 0.417579573 -0.701917273 0.478252022 -0.734224314 0.413895062 -0.927509347 0.534880812 -0.701917273 0.529809773 -0.743563422 0.438630867 -0.814580657 0.534880812 -0.659258048 0.414005147 -0.927344514 0.534556533 -0.814580657 0.673240851 -0.477744637 0.330942187 -0.889382091 0.534556533 -0.659385582 0.414182043 -0.814845963 0.478252022 -0.889382091 0.641622214 -0.618912324 0.417579573 -0.701917273 0.478252022 -0.907167751 1.11515617
L 1 50
U 0
iter 3 nfev 4 f 2051.80778 pginf 98.2740221
x 100 -0.777886959 0.341764107 -0.586632862 0.456439894 -0.355049765 0.24656109 -0.542403097 0.273557718 -0.430400719 0.245216903 -0.599799482 0.416828725 -0.532814866 0.292073219 -0.437139279 0.274922835 -0.562441996 0.380008164 -0.407701949 0.219841088 -0.599617134 0.387280227 -0.594622831 0.478080227 -0.257446243 0.105178477 -0.569271914 0.410906753 -0.407923529 0.242667923 -0.602505131 0.279132594 -0.586632862 0.456439894 -0.355049765 0.24656109 -0.542403097 0.273557718 -0.430400719 0.245216903 -0.599799482 0.416828725 -0.532814866 0.292073219 -0.437139279 0.274922835 -0.562441996 0.345170209 -0.669475941 0.69384525 0.5 0.251236733 -0.626174041 0.478080227 -0.257446243 0.105178477 -0.569271914 0.410906753 -0.407923529 0.242667923 -0.602505131 0.279132594 -0.586632862 0.456439894 -0.355049765 0.24656109 -0.542403097 0.273557718 -0.430400719 0.245216903 -0.599799482 0.416828725 -0.532814866 0.292073219 -0.437139279 0.274922835 -0.562441996 0.380008164 -0.407701949 0.219841088 -0.599617134 0.387280227 -0.594622831 0.478080227 -0.257446243 0.105178477 -0.569271914 0.410906753 -0.407923529 0.242667923 -0.602505131 0.279132594 -0.586632862 0.456439894 -0.355049765 0.24656109 -0.542403097 0.233246473 -0.800771437 1.06070621
L 1 50
U 0
iter 4 nfev 5 f 648.164009 pginf 40.5944451
x 100 -0.589227773 0.256946179 -0.330845347 0.242781753 -0.0777387047 0.0889281944 -0.280907355 0.174789735 -0.197564414 0.0740844956 -0.398181987 0.139793254 -0.224541349 0.179116189 -0.188016493 0.11248982 -0.323611859 0.218427192 -0.151195228 0.0833648967 -0.382346902 0.143041024 -0.330063623 0.302690667 0.00526542356 0.0200567254 -0.376927777 0.191863683 -0.147357886 0.0629856745 -0.299371856 0.15840444 -0.356908795 0.242781753 -0.0777387047 0.0889281944 -0.280907355 0.174789735 -0.197564414 0.0740844956 -0.398181987 0.139793254 -0.224541349 0.179116189 -0.188016493 0.11248982 -0.297346702 0.129279345 -0.472118067 0.581757481 0.5 0.219633184 -0.366201331 0.328506078 0.00526542356 0.0200567254 -0.376927777 0.191863683 -0.147357886 0.0629856745 -0.299371856 0.15840444 -0.356908795 0.242781753 -0.0777387047 0.0889281944 -0.280907355 0.174789735 -0.197564414 0.0740844956 -0.398181987 0.139793254 -0.224541349 0.179116189 -0.188016493 0.11248982 -0.323611859 0.218427192 -0.151195228 0.0833648967 -0.382346902 0.143041024 -0.330063623 0.302690667 0.00526542356 0.0200567254 -0.376927777 0.191863683 -0.147357886 0.0629856745 -0.299371856 0.15840444 -0.356908795 0.242781753 -0.0777387047 0.0889281944 -0.251598559 0.0863139465 -0.777947527 0.801174626
L 1 50
U 0
iter 5 nfev 6 f 220.948962 pginf 90.9505093
x 100 -0.507334291 0.190099047 -0.0833527458 0.124263003 0.0577311638 0.00553667139 -0.0686591828 0.0687167122 -0.0238693442 -0.00677680834 -0.0894894099 0.112594892 -0.0535029514 0.0591564543 -0.0148487817 0.0102111799 -0.113918525 0.081592928 0.00739227301 -0.0100580851 -0.0967856863 0.0870877685 -0.14202495 0.156134584 0.118827683 0.0406417182 -0.120004112 0.109545609 0.00356594639 -0.00339076381 -0.0894532373 0.0307917084 -0.124644919 0.142196661 0.0577311638 0.00553667139 -0.0686591828 0.0687167122 -0.0238693442 -0.00677680834 -0.0894894099 0.112594892 -0.0535029514 0.0591564543 -0.0148487817 0.0161230792 -0.0583662295 0.0261756505 -0.332149999 0.456480615 0.5 0.171595579 -0.117749432 0.172269342 0.135129934 0.0406417182 -0.120004112 0.109545609 0.00356594639 -0.00339076381 -0.0894532373 0.0307917084 -0.124644919 0.142196661 0.0577311638 0.00553667139 -0.0686591828 0.0687167122 -0.0238693442 -0.00677680834 -0.0894894099 0.112594892 -0.0535029514 0.0591564543 -0.0148487817 0.0102111799 -0.113918525 0.081592928 0.00739227301 -0.0100580851 -0.0967856863 0.0870877685 -0.14202495 0.156134584 0.118827683 0.0406417182 -0.120004112 0.109545609 0.00356594639 -0.00339076381 -0.0894532373 0.0307917084 -0.124644919 0.142196661 0.0577311638 0.0107518748 -0.0193887482 0.00120899741 -0.342049583 0.571750463
L 1 50
U 0
iter 6 nfev 7 f 137.962002 pginf 15.2144886
x 100 -0.408222511 0.224892024 0.0769795464 -0.00485200673 0.0503906769 0.0384248763 0.0368810544 -0.00882793024 0.0133645791 -0.0274430493 0.0583062107 -0.00253245543 0.0419899516 -0.0139114589 0.0554641894 0.0241926474 0.0364099029 0.00613487904 0.00507501332 -0.0275000012 0.0592035483 -0.0131767126 0.0212180331 0.0175122438 0.0611615652 0.0505876062 0.0402170087 0.00953086763 0.0107680681 -0.0261051919 0.0567614324 -0.00627006347 0.0253308772 0.00588703916 0.0562072175 0.0384248763 0.0368810544 -0.00882793024 0.0133645791 -0.0274430493 0.0583062107 -0.00253245543 0.0419899516 -0.0139114589 0.0552504856 0.0247565355 0.0466074297 -0.00401393239 -0.18377685 0.347560422 0.5 0.238516158 0.0602020169 0.0122753818 0.0673861328 0.0556269413 0.0402170087 0.00953086763 0.0107680681 -0.0261051919 0.0567614324 -0.00627006347 0.0253308772 0.00588703916 0.0562072175 0.0384248763 0.0368810544 -0.00882793024 0.0133645791 -0.0274430493 0.0583062107 -0.00253245543 0.0419899516 -0.0139114589 0.0554641894 0.0241926474 0.0364099029 0.00613487904 0.00507501332 -0.0275000012 0.0592035483 -0.0131767126 0.0212180331 0.0175122438 0.0611615652 0.0505876062 0.0402170087 0.00953086763 0.0107680681 -0.0261051919 0.0567614324 -0.00627006347 0.0253308772 0.00588703916 0.0569401703 0.0388671702 0.0411210655 0.0127032725 -0.203389036 -0.0347053429
L 1 50
U 0
iter 7 nfev 8 f 126.037778 pginf 7.06954122
x 100 -0.431223716 0.191766733 0.0650022505 -0.00105313712 0.0336649932 0.0311475587 0.0122321753 0.00523688209 -0.00230504125 -0.0250698999 0.0237967487 0.00217997366 0.0140636267 -0.000773408369 0.0340196158 0.0275732229 0.0172739613 0.0116767736 -0.00516249562 -0.0239977505 0.0248431422 0.00358898087 0.017670303 -0.00246918127 0.0399859817 0.0274698118 0.0186166894 0.00731386589 -0.00386643496 -0.0259868848 0.0276433977 0.00977421991 0.0160942947 -0.00506372932 0.034830911 0.0317035543 0.0122321753 0.00523688209 -0.00230504125 -0.0250698999 0.0237967487 0.00217997366 0.0140636267 -0.000768076581 0.034038729 0.0275078044 0.0143043612 0.01103158 -0.109827087 0.300743092 0.5 0.265880777 0.0692616801 -0.000400938794 0.0400921268 0.0292055891 0.0190966606 0.00731386589 -0.00386643496 -0.0259868848 0.0276433977 0.00977421991 0.0160942947 -0.00506372932 0.034830911 0.0317035543 0.0122321753 0.00523688209 -0.00230504125 -0.0250698999 0.0237967487 0.00217997366 0.0140636267 -0.000773408369 0.0340196158 0.0275732229 0.0172739613 0.0116767736 -0.00516249562 -0.0239977505 0.0248431422 0.00358898087 0.017670303 -0.00246918127 0.0399859817 0.0274698118 0.0186166894 0.00731386589 -0.00386643496 -0.0259868848 0.0276433977 0.00977421991 0.0160942947 -0.00505599075 0.0350203331 0.0316218945 0.0116194847 0.00438211418 0.00258005123 0.00467370515
L 1 50
U 0
iter 8 nfev 9 f 123.957452 pginf 5.62712452
x 100 -0.425178819 0.202472928 0.040144179 0.0114256719 0.0263342066 0.0228189114 0.00240288864 0.0120569291 -0.00466029072 -0.0176729474 0.0111578316 0.0156957277 0.00159976411 0.00788708369 0.0230759728 0.0230186749 0.004678929 0.0155838326 -0.00467331025 -0.017691951 0.0114151563 0.0168800663 0.00468206996 0.00282605555 0.032290568 0.0193673279 0.00516819468 0.0150156152 -0.00531849522 -0.0183046186 0.0107239285 0.0129008054 0.0056287655 0.00565608852 0.0259101237 0.0229296897 0.00243979905 0.0120569291 -0.00466029072 -0.0176729474 0.0111578316 0.0156957277 0.00159992252 0.00788758484 0.0230945008 0.0227603351 0.00361059649 0.012701587 -0.0486562413 0.256182419 0.5 0.263967369 0.0752515787 0.0086378887 0.0317348949 0.0190013597 0.00529185185 0.0150347346 -0.00531849522 -0.0183046186 0.0107239285 0.0129008054 0.0056287655 0.00565608852 0.0259101237 0.0229296897 0.00243979905 0.0120569291 -0.00466029072 -0.0176729474 0.0111578316 0.0156957277 0.00159976411 0.00788708369 0.0230759728 0.0230186749 0.004678929 0.0155838326 -0.00467331025 -0.017691951 0.0114151563 0.0168800663 0.00468206996 0.00282605555 0.032290568 0.0193673279 0.00516819468 0.0150156152 -0.00531849522 -0.0183046186 0.0107239285 0.0129008054 0.0056290286 0.00565484978 0.0258459748 0.0228310326 0.00217475901 0.00852818344 0.0232295754 0.00773124217
L 1 50
U 0
iter 9 nfev 10 f 122.90773 pginf 3.56267486
x 100 -0.433038092 0.184923309 0.0437658986 0.0134603782 0.0186991824 0.018225295 0.002149292 0.0130329959 -0.00207563878 -0.00745707574 0.0091848584 0.0191610787 0.000439287232 0.0114717784 0.0164803826 0.0186297628 0.0032239925 0.0148910471 -0.00197872262 -0.00786876848 0.00883058475 0.0199519819 0.00412130866 0.0059617696 0.0222251326 0.0160784431 0.00396661263 0.0159208759 -0.00291697232 -0.00729687343 0.00568062288 0.012222843 0.00555419802 0.0109483246 0.0176660148 0.0180448471 0.00215687424 0.0130332426 -0.00207563878 -0.00745707574 0.0091848584 0.0191610856 0.000439290145 0.0114707619 0.0164805531 0.0185158022 0.00269795769 0.01509602 0.0245707128 0.196971377 0.5 0.270273261 0.0815193275 0.0139373186 0.0215939104 0.0150721701 0.00382051136 0.0159220133 -0.00291617926 -0.00729687343 0.00568062288 0.012222843 0.00555419802 0.0109483246 0.0176660148 0.0180448471 0.00215687424 0.0130332426 -0.00207563878 -0.00745707574 0.0091848584 0.0191610787 0.000439287232 0.0114717784 0.0164803826 0.0186297628 0.0032239925 0.0148910471 -0.00197872262 -0.00786876848 0.00883058475 0.0199519819 0.00412130866 0.0059617696 0.0222251326 0.0160784431 0.00396661263 0.0159208759 -0.00291697232 -0.00729687343 0.00568062288 0.0122228523 0.00555417825 0.0109451652 0.0175329464 0.0179925917 0.00161713585 0.012412813 0.0353158532 -0.00390005549
L 1 50
U 0
iter 10 nfev 11 f 122.405792 pginf 1.76893568
x 100 -0.41620958 0.198945427 0.041163162 0.0137562833 0.0145620106 0.016072451 0.00570180169 0.0109836705 0.00376852971 0.00154271701 0.0103824072 0.0158043147 0.00501900563 0.0102498398 0.0140326009 0.0157173603 0.00677644366 0.0133901595 0.00313542875 0.00117680124 0.00995069666 0.0157964753 0.00731061015 0.00984865905 0.0163741523 0.0143831145 0.00816450122 0.0142200106 0.00288355461 0.00186448295 0.00728609421 0.0107935354 0.00828105834 0.0120621749 0.0141988186 0.0160152644 0.00568223671 0.0109836838 0.00376853899 0.00154271701 0.0103824074 0.015804314 0.00501896398 0.0102498226 0.0140394046 0.0158093356 0.00660636706 0.0165355866 0.0455797989 0.158547904 0.5 0.269267552 0.0835756651 0.017574643 0.0164791224 0.0141587661 0.00810179522 0.0142133635 0.00288348743 0.00186447627 0.00728609421 0.0107935354 0.00828105834 0.0120621749 0.0141988186 0.0160152644 0.00568223671 0.0109836838 0.00376853899 0.00154271701 0.0103824072 0.0158043147 0.00501900563 0.0102498398 0.0140326009 0.0157173603 0.00677644366 0.0133901595 0.00313542875 0.00117680124 0.00995069666 0.0157964753 0.00731061015 0.00984865905 0.0163741523 0.0143831145 0.00816450122 0.0142200106 0.00288355461 0.00186448295 0.00728609436 0.0107935336 0.00828094278 0.0120585692 0.0141657912 0.0160518825 0.00564706689 0.0118498574 0.0208270802 0.00292558022
L 1 50
U 0
iter 11 nfev 12 f 122.163335 pginf 1.5294452
x 100 -0.41711156 0.188844213 0.0471390955 0.0126636917 0.0128127825 0.0136244668 0.00929971017 0.00958839794 0.00829468491 0.00678803466 0.0115814775 0.0118510253 0.00941509426 0.00902464219 0.0129136174 0.0130114047 0.00995094167 0.0116120396 0.00762747433 0.00661622402 0.0114231277 0.0113485532 0.00947657427 0.0114024313 0.0136693007 0.0129257815 0.0109137893 0.0120150775 0.00783226118 0.00687806862 0.0103059328 0.00983478807 0.0100302192 0.0112111918 0.0130135435 0.0136609949 0.00928960155 0.00958805403 0.00829468877 0.00678803473 0.0115814776 0.0118510204 0.00941509003 0.00902506573 0.012919905 0.0131037491 0.010308813 0.0141405674 0.0294451955 0.1441349 0.5 0.265177478 0.0827382359 0.0183615568 0.0142444113 0.0132033164 0.010940001 0.0120126136 0.00783166172 0.00687806559 0.0103059328 0.00983478807 0.0100302192 0.0112111918 0.0130135435 0.0136609949 0.00928960155 0.00958805403 0.00829468877 0.00678803473 0.0115814775 0.0118510253 0.00941509426 0.00902464219 0.0129136174 0.0130114047 0.00995094167 0.0116120396 0.00762747433 0.00661622402 0.0114231277 0.0113485532 0.00947657427 0.0114024313 0.0136693007 0.0129257815 0.0109137893 0.0120150775 0.00783226118 0.00687806862 0.0103059328 0.00983478032 0.0100301429 0.0112099293 0.0130495248 0.0137171697 0.00959289109 0.0104508985 0.00412736334 0.00367779942
L 1 50
U 0
iter 12 nfev 13 f 122.104946 pginf 0.642492391
x 100 -0.413725138 0.186888659 0.0466364667 0.0119537081 0.01122624 0.0111916432 0.0103113151 0.00947752993 0.0101733667 0.00930469341 0.011380683 0.0101233444 0.0103785088 0.00918795304 0.0114846014 0.0110444269 0.0109141064 0.0103417146 0.00981628894 0.00925234877 0.0114172211 0.0100149527 0.0107004872 0.0098406928 0.0110933571 0.0105603271 0.0112708397 0.0103265519 0.00990210546 0.00923580444 0.0110095983 0.00969684894 0.0109850632 0.00971671369 0.0112760876 0.0112154036 0.0103132192 0.00947732295 0.0101733588 0.00930469347 0.0113806829 0.0101233441 0.010378521 0.00918818174 0.0114868125 0.011050139 0.0109257024 0.0107256985 0.0139522045 0.146175425 0.5 0.264441087 0.0809011522 0.016527097 0.0113475203 0.0106615848 0.0112949598 0.0103276653 0.00990201941 0.00923579381 0.0110095983 0.00969684894 0.0109850632 0.00971671369 0.0112760876 0.0112154036 0.0103132192 0.00947732295 0.0101733588 0.00930469347 0.011380683 0.0101233444 0.0103785088 0.00918795304 0.0114846014 0.0110444269 0.0109141064 0.0103417146 0.00981628894 0.00925234877 0.0114172211 0.0100149527 0.0107004872 0.0098406928 0.0110933571 0.0105603271 0.0112708397 0.0103265519 0.00990210546 0.00923580444 0.0110095981 0.009696847 0.0109850467 0.00971799912 0.0112884599 0.0112210969 0.0103048739 0.00932163155 0.00836598155 -0.0009198573
L 1 50
U 0
