# lbfgsb trace rosen_n10 (LBFGSpp 0.3.0 LBFGSBSolver<double>, MoreThuente)
problem rosen_n10
n 10
param m 5 epsilon 1e-05 epsilon_rel 1e-05 past 1 delta 1e-10 max_iterations 0 max_submin 10 max_linesearch 20 min_step 1e-20 max_step 1e+20 ftol 0.0001 wolfe 0.9
niter 45
nfev 50
status converged-delta
f_final 21.9430592
pg_final 0.000219426999
iter 0 nfev 1 f 1473.94 pginf 895.6
x 10 -1.2 0.6 -1.2 1 -1.2 0.5 -1.2 0.6 -1.2 1
L 1 5
U 2 1 7
iter 1 nfev 2 f 1048.32028 pginf 204.736967
x 10 -1.19699979 0.597666505 -1.19699979 0.997222029 -0.204819832 0.5 -1.19699979 0.597666505 -1.19699979 1.09778456
L 1 5
U 0
iter 2 nfev 3 f 346.986569 pginf 119.765203
x 10 -0.809101804 0.402131451 -0.694369722 0.742709872 -0.0808856675 0.5 -0.531166553 0.402131451 -0.755284668 1.16928094
L 1 5
U 0
iter 3 nfev 4 f 195.725139 pginf 92.3562041
x 10 -0.667669019 0.269412555 -0.522965635 0.472279819 -0.0160227135 0.5 -0.306244737 0.148939773 -0.734790465 1.00169805
L 1 5
U 0
iter 4 nfev 5 f 97.9973684 pginf 35.4650312
x 10 -0.482782913 0.17262108 -0.220458379 0.248209738 0.0998675398 0.5 0.0963230208 -0.0486373322 -0.680608437 0.640553001
L 1 5
U 0
iter 5 nfev 6 f 53.266326 pginf 32.0649895
x 10 -0.366316271 0.106382115 0.0169689594 -0.0110480794 0.14432934 0.5 0.343717757 -0.0680274964 -0.344696869 0.279140879
L 1 5
U 0
iter 6 nfev 7 f 38.2236914 pginf 13.7733239
x 10 -0.245135126 0.0834023609 0.148523163 -0.148104761 0.139490095 0.5 0.279605691 0.0678741112 -0.0507954616 -0.0662864408
L 1 5
U 0
iter 7 nfev 8 f 33.3686794 pginf 2.35034204
x 10 -0.24898982 0.0892461589 -0.00570311145 -0.0481936811 0.175907649 0.5 0.240128963 0.0650411615 -0.0228171377 -0.0112310884
L 1 5
U 0
iter 8 nfev 9 f 32.9403138 pginf 2.17341659
x 10 -0.244051041 0.0691174008 0.00518808944 -0.0176392983 0.179331805 0.5 0.247972216 0.0601473979 0.0112162158 -0.0107412795
L 1 5
U 0
iter 9 nfev 10 f 32.8064403 pginf 1.53016568
x 10 -0.234130952 0.0648340924 0.0171462115 0.0132446998 0.177715643 0.5 0.256823211 0.0713115388 0.0139871977 0.00608870236
L 1 5
U 0
iter 10 nfev 11 f 32.7798888 pginf 1.08452012
x 10 -0.219727472 0.0636962456 0.0160152192 0.0206154196 0.174148038 0.5 0.264987223 0.0787446676 0.0201758154 -0.00284787978
L 1 5
U 0
iter 11 nfev 12 f 32.7619675 pginf 1.21378172
x 10 -0.209831434 0.0583964913 0.0147660236 0.0207384331 0.170900602 0.5 0.265822241 0.0837434425 0.0190695794 -0.00262310877
L 1 5
U 0
iter 12 nfev 13 f 32.6883466 pginf 1.64432071
x 10 -0.144320706 0.0269773685 0.00690771948 0.0174138602 0.152285332 0.5 0.272874359 0.100309698 0.0156139634 -0.000580222349
L 1 5
U 0
iter 13 nfev 14 f 32.6200981 pginf 1.61061431
x 10 -0.0510514752 -0.00736123642 0.00204797908 0.0130207424 0.130588976 0.5 0.276358536 0.11061431 0.0149012188 0.00182478982
L 1 5
U 0
iter 14 nfev 15 f 32.4886693 pginf 1.606764
x 10 0.027028921 -0.0138194537 0.00405826514 0.00781420975 0.117287617 0.5 0.272457331 0.106763996 0.0122811876 0.00589522315
L 1 5
U 0
iter 15 nfev 16 f 32.1255483 pginf 2.08669196
x 10 0.200243625 0.0187616254 0.0125932293 0.00214236478 0.105406239 0.5 0.250868895 0.0659542804 0.00980714795 0.01052964
L 1 5
U 0
iter 16 nfev 17 f 32.0795929 pginf 1.58365086
x 10 0.217082714 0.0836508638 0.0166788083 0.00384698462 0.12333601 0.5 0.243451489 0.04890497 0.0114450208 0.00713616622
L 1 5
U 0
iter 17 nfev 19 f 31.7391471 pginf 1.36034785
x 10 0.321719437 0.11400884 0.0162631447 0.00732031177 0.121321147 0.5 0.244348289 0.0476637904 0.0133696573 0.000667972899
L 1 5
U 0
iter 18 nfev 22 f 31.6094417 pginf 1.48241392
x 10 0.399156066 0.143205772 0.017586085 0.00933672063 0.121602033 0.5 0.243888914 0.0459580511 0.0142861077 -0.00309392136
L 1 5
U 0
iter 19 nfev 23 f 31.461039 pginf 1.93377759
x 10 0.433777587 0.164127541 0.0260001432 0.0151538113 0.127374341 0.5 0.256165048 0.0687857943 0.0162591764 -0.00753989252
L 1 5
U 0
iter 20 nfev 24 f 31.3183712 pginf 1.59210423
x 10 0.454374029 0.191863153 0.0401592271 0.0210465558 0.142135589 0.5 0.270701667 0.0921042283 0.0178141914 -0.00725808824
L 1 5
U 0
iter 21 nfev 25 f 31.1665132 pginf 2.0424128
x 10 0.542412797 0.265957727 0.0656327693 0.0279677155 0.170504648 0.5 0.283667388 0.106791581 0.0221797767 -0.00636321983
L 1 5
U 0
iter 22 nfev 26 f 30.9045875 pginf 2.10066334
x 10 0.600663341 0.348434857 0.113619398 0.0350942369 0.211732324 0.5 0.289187527 0.116662141 0.0264832801 -0.00138177263
L 1 5
U 0
iter 23 nfev 27 f 30.5454359 pginf 4.79430973
x 10 0.703849819 0.479188576 0.205134955 0.0505284104 0.257013494 0.5 0.279361793 0.104378608 0.0269749026 0.00557041403
L 1 5
U 0
iter 24 nfev 28 f 30.041393 pginf 6.10748635
x 10 0.752301883 0.6 0.355942736 0.0964175339 0.286371869 0.5 0.250934781 0.0587355118 0.0199648537 0.019067405
L 1 5
U 1 1
iter 25 nfev 29 f 29.2344709 pginf 3.32632619
x 10 0.763670453 0.6 0.377472849 0.138510136 0.263394482 0.5 0.244030344 0.0438900615 0.0146592532 0.0168465246
L 1 5
U 1 1
iter 26 nfev 30 f 28.1900687 pginf 13.0619563
x 10 0.777047395 0.6 0.429992918 0.283615483 0.225307834 0.5 0.240004908 0.0377148805 0.00547711419 0.00476610451
L 1 5
U 1 1
iter 27 nfev 31 f 27.5258561 pginf 11.0650832
x 10 0.793027902 0.6 0.461580569 0.297370017 0.272299774 0.5 0.253506237 0.0641256023 0.0106314724 0.0018759034
L 1 5
U 1 1
iter 28 nfev 32 f 26.1157911 pginf 9.3703843
x 10 0.797545575 0.6 0.554599218 0.399184434 0.389954787 0.5 0.284298794 0.124113666 0.0202569199 -0.00770467311
L 1 5
U 1 1
iter 29 nfev 34 f 24.9620005 pginf 7.13685985
x 10 0.797540964 0.6 0.647805677 0.528549825 0.499124716 0.5 0.313317179 0.179565388 0.0283566944 -0.0186071759
L 1 5
U 1 1
iter 30 nfev 35 f 24.3522207 pginf 5.96241017
x 10 0.782907315 0.6 0.721885512 0.679707864 0.602291056 0.5 0.3402132 0.225045159 0.0374073228 -0.0284127431
L 1 5
U 1 1
iter 31 nfev 36 f 23.1068638 pginf 3.82529731
x 10 0.768650024 0.6 0.641686074 0.611553106 0.583479331 0.5 0.328538733 0.187580826 0.0404936705 -0.0174157229
L 1 5
U 1 1
iter 32 nfev 37 f 22.6616647 pginf 4.23754967
x 10 0.765944614 0.6 0.63533883 0.626234675 0.572487965 0.5 0.319217694 0.162519517 0.0405733681 -0.0116478123
L 1 5
U 1 1
iter 33 nfev 38 f 22.2236897 pginf 3.1639702
x 10 0.772414972 0.6 0.642054405 0.651853382 0.591158025 0.5 0.303354911 0.122251968 0.0402501746 -0.000270332521
L 1 5
U 1 1
iter 34 nfev 39 f 21.9733128 pginf 1.95102662
x 10 0.772612405 0.6 0.653449567 0.657288632 0.597349288 0.5 0.267354833 0.0802709019 0.0259956177 0.0083314506
L 1 5
U 1 1
iter 35 nfev 40 f 21.9467261 pginf 1.11473523
x 10 0.77782456 0.6 0.659538106 0.66191787 0.605830035 0.5 0.262714931 0.0787215405 0.0187918684 0.00269432151
L 1 5
U 1 1
iter 36 nfev 41 f 21.9434567 pginf 0.249967074
x 10 0.7760465 0.6 0.660304884 0.660668619 0.604256329 0.5 0.262663476 0.0798504391 0.0174863471 0.00139161114
L 1 5
U 1 1
iter 37 nfev 42 f 21.9431014 pginf 0.0793738218
x 10 0.775509258 0.6 0.660337361 0.660585099 0.603887344 0.5 0.262851421 0.0802044858 0.0165936026 0.000545336451
L 1 5
U 1 1
iter 38 nfev 43 f 21.9430637 pginf 0.0206070055
x 10 0.775488801 0.6 0.660211276 0.66059364 0.603822453 0.5 0.263003039 0.0800472591 0.0162904002 0.000311120977
L 1 5
U 1 1
iter 39 nfev 44 f 21.9430601 pginf 0.0131832383
x 10 0.775503017 0.6 0.660131829 0.660488795 0.603793502 0.5 0.263097789 0.0800014929 0.0162407092 0.000259171308
L 1 5
U 1 1
iter 40 nfev 45 f 21.9430595 pginf 0.00961035907
x 10 0.775534908 0.6 0.660096455 0.660475671 0.603762706 0.5 0.2630767 0.0799898614 0.0162340039 0.000257327724
L 1 5
U 1 1
iter 41 nfev 46 f 21.9430593 pginf 0.00394502754
x 10 0.775538426 0.6 0.660090345 0.660457278 0.603757083 0.5 0.263062127 0.0799874269 0.0162342499 0.000258822002
L 1 5
U 1 1
iter 42 nfev 47 f 21.9430592 pginf 0.00222788667
x 10 0.775534877 0.6 0.660081239 0.660438566 0.603748187 0.5 0.263044904 0.0799769685 0.0162343481 0.000261824777
L 1 5
U 1 1
iter 43 nfev 48 f 21.9430592 pginf 0.00123166751
x 10 0.775530989 0.6 0.66007875 0.660434523 0.6037439 0.5 0.263039583 0.0799697573 0.0162330942 0.000262556992
L 1 5
U 1 1
iter 44 nfev 49 f 21.9430592 pginf 0.000557240526
x 10 0.775529595 0.6 0.660078984 0.66043509 0.60374315 0.5 0.263038391 0.0799657454 0.0162326166 0.000263160593
L 1 5
U 1 1
iter 45 nfev 50 f 21.9430592 pginf 0.000219426999
x 10 0.775529818 0.6 0.660079615 0.660436065 0.603744 0.5 0.263038218 0.0799629732 0.0162321789 0.000263536563
L 1 5
U 1 1
