# lbfgsb trace rosen_n100 (LBFGSpp 0.3.0 LBFGSBSolver<double>, MoreThuente)
problem rosen_n100
n 100
param m 5 epsilon 1e-05 epsilon_rel 1e-05 past 1 delta 0.001 max_iterations 0 max_submin 10 max_linesearch 20 min_step 1e-20 max_step 1e+20 ftol 0.0001 wolfe 0.9
niter 10
nfev 11
status converged-delta
f_final 122.130687
pg_final 1.52849686
iter 0 nfev 1 f 21849.38 pginf 847.6
x 100 -1.2 0.6 -1.2 1 -1.2 1 -1.2 0.6 -1.2 1 -1.2 1 -1.2 0.6 -1.2 1 -1.2 1 -1.2 1 -1.2 1 -1.2 1 -1.2 0.6 -1.2 1 -1.2 1 -1.2 0.6 -1.2 1 -1.2 1 -1.2 0.6 -1.2 1 -1.2 1 -1.2 0.6 -1.2 1 -1.2 1 -1.2 1 0.5 1 -1.2 1 -1.2 0.6 -1.2 1 -1.2 1 -1.2 0.6 -1.2 1 -1.2 1 -1.2 0.6 -1.2 1 -1.2 1 -1.2 0.6 -1.2 1 -1.2 1 -1.2 1 -1.2 1 -1.2 1 -1.2 0.6 -1.2 1 -1.2 1 -1.2 0.6 -1.2 1 -1.2 1 -1.2 0.6 -1.2 1
L 1 50
U 14 1 7 13 25 31 37 43 55 61 67 73 85 91 97
iter 1 nfev 2 f 19461.0151 pginf 486.864468
x 100 -1.19913524 0.599327409 -1.19913524 0.999199296 -0.990023467 0.999199296 -1.19913524 0.599327409 -1.19913524 0.746337074 -1.19942349 0.999199296 -1.19913524 0.599327409 -1.0310195 0.999199296 -1.19942349 0.999199296 -1.19913524 0.746337074 -1.19913524 0.999199296 -1.19942349 0.999199296 -0.928529424 0.599327409 -1.19913524 0.999199296 -1.19942349 0.746337074 -1.19913524 0.599327409 -1.19913524 0.999199296 -0.990023467 0.999199296 -1.19913524 0.599327409 -1.19913524 0.746337074 -1.19942349 0.999199296 -1.19913524 0.599327409 -1.0310195 0.999199296 -1.19942349 0.999199296 -1.19913524 0.964128475 0.5 0.999199296 -1.19942349 0.999199296 -0.928529424 0.599327409 -1.19913524 0.999199296 -1.19942349 0.746337074 -1.19913524 0.599327409 -1.19913524 0.999199296 -0.990023467 0.999199296 -1.19913524 0.599327409 -1.19913524 0.746337074 -1.19942349 0.999199296 -1.19913524 0.599327409 -1.0310195 0.999199296 -1.19942349 0.999199296 -1.19913524 0.746337074 -1.19913524 0.999199296 -1.19942349 0.999199296 -0.928529424 0.599327409 -1.19913524 0.999199296 -1.19942349 0.746337074 -1.19913524 0.599327409 -1.19913524 0.999199296 -0.990023467 0.999199296 -1.19913524 0.599327409 -1.19913524 1.02818477
L 1 50
U 0
iter 2 nfev 3 f 5228.24404 pginf 242.322033
x 100 -0.959681417 0.478252022 -0.889382091 0.641622214 -0.618912324 0.417579573 -0.701917273 0.478252022 -0.734224314 0.413895062 -0.927509347 0.534880812 -0.701917273 0.529809773 -0.743563422 0.438630867 -0.814580657 0.534880812 -0.659258048 0.414005147 -0.927344514 0.534556533 -0.814580657 0.673240851 -0.477744637 0.330942187 -0.889382091 0.534556533 -0.659385582 0.414182043 -0.814845963 0.478252022 -0.889382091 0.641622214 -0.618912324 0.417579573 -0.701917273 0.478252022 -0.734224314 0.413895062 -0.927509347 0.534880812 -0.701917273 0.529809773 -0.743563422 0.438630867 -0.814580657 0.534880812 -0.792896158 0.896260549 0.5 0.395319165 -0.814580657 0.673240851 -0.477744637 0.330942187 -0.889382091 0.534556533 -0.659385582 0.414182043 -0.814845963 0.478252022 -0.889382091 0.641622214 -0.618912324 0.417579573 -0.701917273 0.478252022 -0.734224314 0.413895062 -0.927509347 0.534880812 -0.701917273 0.529809773 -0.743563422 0.438630867 -0.814580657 0.534880812 -0.659258048 0.414005147 -0.927344514 0.534556533 -0.814580657 0.673240851 -0.477744637 0.330942187 -0.889382091 0.534556533 -0.659385582 0.414182043 -0.814845963 0.478252022 -0.889382091 0.641622214 -0.618912324 0.417579573 -0.701917273 0.478252022 -0.907167751 1.11515617
L 1 50
U 0
iter 3 nfev 4 f 2051.80778 pginf 98.2740221
x 100 -0.777886959 0.341764107 -0.586632862 0.456439894 -0.355049765 0.24656109 -0.542403097 0.273557718 -0.430400719 0.245216903 -0.599799482 0.416828725 -0.532814866 0.292073219 -0.437139279 0.274922835 -0.562441996 0.380008164 -0.407701949 0.219841088 -0.599617134 0.387280227 -0.594622831 0.478080227 -0.257446243 0.105178477 -0.569271914 0.410906753 -0.407923529 0.242667923 -0.602505131 0.279132594 -0.586632862 0.456439894 -0.355049765 0.24656109 -0.542403097 0.273557718 -0.430400719 0.245216903 -0.599799482 0.416828725 -0.532814866 0.292073219 -0.437139279 0.274922835 -0.562441996 0.345170209 -0.669475941 0.69384525 0.5 0.251236733 -0.626174041 0.478080227 -0.257446243 0.105178477 -0.569271914 0.410906753 -0.407923529 0.242667923 -0.602505131 0.279132594 -0.586632862 0.456439894 -0.355049765 0.24656109 -0.542403097 0.273557718 -0.430400719 0.245216903 -0.599799482 0.416828725 -0.532814866 0.292073219 -0.437139279 0.274922835 -0.562441996 0.380008164 -0.407701949 0.219841088 -0.599617134 0.387280227 -0.594622831 0.478080227 -0.257446243 0.105178477 -0.569271914 0.410906753 -0.407923529 0.242667923 -0.602505131 0.279132594 -0.586632862 0.456439894 -0.355049765 0.24656109 -0.542403097 0.233246473 -0.800771437 1.06070621
L 1 50
U 0
iter 4 nfev 5 f 648.164009 pginf 40.5944451
x 100 -0.589227773 0.256946179 -0.330845347 0.242781753 -0.0777387047 0.0889281944 -0.280907355 0.174789735 -0.197564414 0.0740844956 -0.398181987 0.139793254 -0.224541349 0.179116189 -0.188016493 0.11248982 -0.323611859 0.218427192 -0.151195228 0.0833648967 -0.382346902 0.143041024 -0.330063623 0.302690667 0.00526542356 0.0200567254 -0.376927777 0.191863683 -0.147357886 0.0629856745 -0.299371856 0.15840444 -0.356908795 0.242781753 -0.0777387047 0.0889281944 -0.280907355 0.174789735 -0.197564414 0.0740844956 -0.398181987 0.139793254 -0.224541349 0.179116189 -0.188016493 0.11248982 -0.297346702 0.129279345 -0.472118067 0.581757481 0.5 0.219633184 -0.366201331 0.328506078 0.00526542356 0.0200567254 -0.376927777 0.191863683 -0.147357886 0.0629856745 -0.299371856 0.15840444 -0.356908795 0.242781753 -0.0777387047 0.0889281944 -0.280907355 0.174789735 -0.197564414 0.0740844956 -0.398181987 0.139793254 -0.224541349 0.179116189 -0.188016493 0.11248982 -0.323611859 0.218427192 -0.151195228 0.0833648967 -0.382346902 0.143041024 -0.330063623 0.302690667 0.00526542356 0.0200567254 -0.376927777 0.191863683 -0.147357886 0.0629856745 -0.299371856 0.15840444 -0.356908795 0.242781753 -0.0777387047 0.0889281944 -0.251598559 0.0863139465 -0.777947527 0.801174626
L 1 50
U 0
iter 5 nfev 6 f 220.948962 pginf 90.9505093
x 100 -0.507334291 0.190099047 -0.0833527458 0.124263003 0.0577311638 0.00553667139 -0.0686591828 0.0687167122 -0.0238693442 -0.00677680834 -0.0894894099 0.112594892 -0.0535029514 0.0591564543 -0.0148487817 0.0102111799 -0.113918525 0.081592928 0.00739227301 -0.0100580851 -0.0967856863 0.0870877685 -0.14202495 0.156134584 0.118827683 0.0406417182 -0.120004112 0.109545609 0.00356594639 -0.00339076381 -0.0894532373 0.0307917084 -0.124644919 0.142196661 0.0577311638 0.00553667139 -0.0686591828 0.0687167122 -0.0238693442 -0.00677680834 -0.0894894099 0.112594892 -0.0535029514 0.0591564543 -0.0148487817 0.0161230792 -0.0583662295 0.0261756505 -0.332149999 0.456480615 0.5 0.171595579 -0.117749432 0.172269342 0.135129934 0.0406417182 -0.120004112 0.109545609 0.00356594639 -0.00339076381 -0.0894532373 0.0307917084 -0.124644919 0.142196661 0.0577311638 0.00553667139 -0.0686591828 0.0687167122 -0.0238693442 -0.00677680834 -0.0894894099 0.112594892 -0.0535029514 0.0591564543 -0.0148487817 0.0102111799 -0.113918525 0.081592928 0.00739227301 -0.0100580851 -0.0967856863 0.0870877685 -0.14202495 0.156134584 0.118827683 0.0406417182 -0.120004112 0.109545609 0.00356594639 -0.00339076381 -0.0894532373 0.0307917084 -0.124644919 0.142196661 0.0577311638 0.0107518748 -0.0193887482 0.00120899741 -0.342049583 0.571750463
L 1 50
U 0
iter 6 nfev 7 f 137.962002 pginf 15.2144886
x 100 -0.408222511 0.224892024 0.0769795464 -0.00485200673 0.0503906769 0.0384248763 0.0368810544 -0.00882793024 0.0133645791 -0.0274430493 0.0583062107 -0.00253245543 0.0419899516 -0.0139114589 0.0554641894 0.0241926474 0.0364099029 0.00613487904 0.00507501332 -0.0275000012 0.0592035483 -0.0131767126 0.0212180331 0.0175122438 0.0611615652 0.0505876062 0.0402170087 0.00953086763 0.0107680681 -0.0261051919 0.0567614324 -0.00627006347 0.0253308772 0.00588703916 0.0562072175 0.0384248763 0.0368810544 -0.00882793024 0.0133645791 -0.0274430493 0.0583062107 -0.00253245543 0.0419899516 -0.0139114589 0.0552504856 0.0247565355 0.0466074297 -0.00401393239 -0.18377685 0.347560422 0.5 0.238516158 0.0602020169 0.0122753818 0.0673861328 0.0556269413 0.0402170087 0.00953086763 0.0107680681 -0.0261051919 0.0567614324 -0.00627006347 0.0253308772 0.00588703916 0.0562072175 0.0384248763 0.0368810544 -0.00882793024 0.0133645791 -0.0274430493 0.0583062107 -0.00253245543 0.0419899516 -0.0139114589 0.0554641894 0.0241926474 0.0364099029 0.00613487904 0.00507501332 -0.0275000012 0.0592035483 -0.0131767126 0.0212180331 0.0175122438 0.0611615652 0.0505876062 0.0402170087 0.00953086763 0.0107680681 -0.0261051919 0.0567614324 -0.00627006347 0.0253308772 0.00588703916 0.0569401703 0.0388671702 0.0411210655 0.0127032725 -0.203389036 -0.0347053429
L 1 50
U 0
iter 7 nfev 8 f 124.085995 pginf 7.31244644
x 100 -0.428213725 0.189021945 0.0694297786 0.00342691781 0.0194125327 0.0176448924 0.0157618807 0.00239257127 0.0149337735 0.00357838532 0.0201840584 -0.00088046447 0.0179814462 -0.000220348679 0.0224322598 0.0159399719 0.0213784573 0.00822350147 0.0119719303 0.00436457199 0.0212065401 8.97929411e-05 0.021305124 0.00447383785 0.0178606773 0.0122834886 0.0231380086 0.0042545405 0.0132543693 0.00261459241 0.0231437908 0.00668949879 0.0205671488 -0.000558733784 0.0205342898 0.018200888 0.0157618807 0.00239257127 0.0149337735 0.00357838532 0.0201840584 -0.00088046447 0.0179814462 -0.000215016891 0.0224529954 0.015905372 0.018763691 0.00655323107 -0.105946356 0.301424012 0.5 0.261127088 0.0722184187 0.00677831518 0.0180163523 0.0139810058 0.0236179798 0.0042545405 0.0132543693 0.00261459241 0.0231437908 0.00668949879 0.0205671488 -0.000558733784 0.0205342898 0.018200888 0.0157618807 0.00239257127 0.0149337735 0.00357838532 0.0201840584 -0.00088046447 0.0179814462 -0.000220348679 0.0224322598 0.0159399719 0.0213784573 0.00822350147 0.0119719303 0.00436457199 0.0212065401 8.97929411e-05 0.021305124 0.00447383785 0.0178606773 0.0122834886 0.0231380086 0.0042545405 0.0132543693 0.00261459241 0.0231437908 0.00668949879 0.0205671488 -0.000550995212 0.0207181471 0.0181468335 0.0155238291 0.000136203307 0.00214716947 0.0086256437
L 1 50
U 0
iter 8 nfev 9 f 122.597885 pginf 5.09587888
x 100 -0.418037782 0.201754727 0.0429114226 0.0156167673 0.00914663967 0.00745237069 0.00782772279 0.0101264334 0.011625461 0.0127611012 0.00818726336 0.0114418307 0.00768873231 0.00974237394 0.00865709564 0.00893145562 0.00886513567 0.0107136026 0.0119670216 0.0123135446 0.0082407712 0.0115669243 0.00863729229 0.00979247482 0.00805092826 0.00550914495 0.00893467678 0.0110998529 0.0114829274 0.0125135456 0.00737952386 0.0101101009 0.00948692313 0.0102695494 0.00878788413 0.00749154808 0.00784938549 0.0101264334 0.011625461 0.0127611012 0.00818726336 0.0114418307 0.00768894072 0.00974236135 0.00866811002 0.00882837243 0.00868661472 0.00799951777 -0.0432095071 0.2590206 0.5 0.257840852 0.0771375445 0.015550174 0.00781782152 0.00522118934 0.00896219933 0.0111242453 0.0114829274 0.0125135456 0.00737952386 0.0101101009 0.00948692313 0.0102695494 0.00878788413 0.00749154808 0.00784938549 0.0101264334 0.011625461 0.0127611012 0.00818726336 0.0114418307 0.00768873231 0.00974237394 0.00865709564 0.00893145562 0.00886513567 0.0107136026 0.0119670216 0.0123135446 0.0082407712 0.0115669243 0.00863729229 0.00979247482 0.00805092826 0.00550914495 0.00893467678 0.0110998529 0.0114829274 0.0125135456 0.00737952386 0.0101101009 0.00948726913 0.010269293 0.00873828565 0.00748249488 0.00795318027 0.00712352803 0.0166548551 0.00985417786
L 1 50
U 0
iter 9 nfev 10 f 122.239487 pginf 2.73504496
x 100 -0.424735735 0.18445772 0.0476215195 0.0135542369 0.00752283924 0.00787090103 0.00902102193 0.0115746738 0.00972977308 0.0122475926 0.00843795154 0.0122613282 0.00816662919 0.0120218498 0.00723229589 0.00869129652 0.00851157074 0.010076863 0.010295 0.0120278182 0.00816325012 0.0125361098 0.00912077964 0.00936282823 0.00679400723 0.00831933976 0.00828821054 0.0107703707 0.00981136294 0.012362692 0.00739155462 0.0108756127 0.00925913452 0.0110944032 0.00694686535 0.00777564394 0.00902553529 0.0115750271 0.00972977308 0.0122475926 0.00843795154 0.0122613332 0.00816666639 0.0120211556 0.00723531973 0.0086450999 0.00829208182 0.00992213226 0.00696414492 0.220755558 0.5 0.264014492 0.0806513282 0.0160548776 0.00664763934 0.00781889824 0.00820778304 0.0107753388 0.00981192678 0.012362692 0.00739155462 0.0108756127 0.00925913452 0.0110944032 0.00694686535 0.00777564394 0.00902553529 0.0115750271 0.00972977308 0.0122475926 0.00843795154 0.0122613282 0.00816662919 0.0120218498 0.00723229589 0.00869129652 0.00851157074 0.010076863 0.010295 0.0120278182 0.00816325012 0.0125361098 0.00912077964 0.00936282823 0.00679400723 0.00831933976 0.00828821054 0.0107703707 0.00981136294 0.012362692 0.00739155462 0.01087562 0.00925919186 0.011091972 0.00688407414 0.00775860257 0.00862726793 0.0115344707 0.0237223664 -0.00361221566
L 1 50
U 0
iter 10 nfev 11 f 122.130687 pginf 1.52849686
x 100 -0.414626854 0.189975918 0.0449961395 0.0120441793 0.00955266224 0.0104914258 0.0102153925 0.0108362799 0.00956630852 0.0102172774 0.00957479173 0.010330559 0.010075458 0.0110126353 0.00949455351 0.0103674174 0.009827452 0.0101999878 0.00966959659 0.0103453393 0.00946191363 0.010573819 0.0103664107 0.0102015053 0.0096178208 0.0109506823 0.00977512426 0.0100472158 0.00967312759 0.0102533362 0.00978226866 0.0107928169 0.00993947818 0.0103741971 0.0094411529 0.0104891172 0.0102076746 0.0108364005 0.00956631848 0.0102172774 0.00957479183 0.0103305604 0.0100753871 0.0110129267 0.0094973888 0.0103965205 0.00957455447 0.0112943015 0.0284968604 0.19382065 0.5 0.265216533 0.0813173911 0.0169135833 0.00977995232 0.0109405617 0.009773655 0.0100389295 0.00967329579 0.0102533497 0.00978226866 0.0107928169 0.00993947818 0.0103741971 0.0094411529 0.0104891172 0.0102076746 0.0108364005 0.00956631848 0.0102172774 0.00957479173 0.010330559 0.010075458 0.0110126353 0.00949455351 0.0103674174 0.009827452 0.0101999878 0.00966959659 0.0103453393 0.00946191363 0.010573819 0.0103664107 0.0102015053 0.0096178208 0.0109506823 0.00977512426 0.0100472158 0.00967312759 0.0102533362 0.00978226879 0.0107928189 0.00993932811 0.0103727873 0.00943996384 0.0104885677 0.0100907613 0.0115691314 0.0144443354 -0.000371900728
L 1 50
U 0
