# lbfgsb trace rosen_n100 (LBFGSpp 0.3.0 LBFGSBSolver<double>, MoreThuente)
problem rosen_n100
n 100
param m 5 epsilon 1e-05 epsilon_rel 1e-05 past 1 delta 1e-10 max_iterations 0 max_submin 10 max_linesearch 20 min_step 1e-20 max_step 1e+20 ftol 0.0001 wolfe 0.9
niter 43
nfev 50
status converged-delta
f_final 118.811118
pg_final 0.00010603194
iter 0 nfev 1 f 21849.38 pginf 847.6
x 100 -1.2 0.6 -1.2 1 -1.2 1 -1.2 0.6 -1.2 1 -1.2 1 -1.2 0.6 -1.2 1 -1.2 1 -1.2 1 -1.2 1 -1.2 1 -1.2 0.6 -1.2 1 -1.2 1 -1.2 0.6 -1.2 1 -1.2 1 -1.2 0.6 -1.2 1 -1.2 1 -1.2 0.6 -1.2 1 -1.2 1 -1.2 1 0.5 1 -1.2 1 -1.2 0.6 -1.2 1 -1.2 1 -1.2 0.6 -1.2 1 -1.2 1 -1.2 0.6 -1.2 1 -1.2 1 -1.2 0.6 -1.2 1 -1.2 1 -1.2 1 -1.2 1 -1.2 1 -1.2 0.6 -1.2 1 -1.2 1 -1.2 0.6 -1.2 1 -1.2 1 -1.2 0.6 -1.2 1
L 1 50
U 14 1 7 13 25 31 37 43 55 61 67 73 85 91 97
iter 1 nfev 2 f 19461.0151 pginf 486.864468
x 100 -1.19913524 0.599327409 -1.19913524 0.999199296 -0.990023467 0.999199296 -1.19913524 0.599327409 -1.19913524 0.746337074 -1.19942349 0.999199296 -1.19913524 0.599327409 -1.0310195 0.999199296 -1.19942349 0.999199296 -1.19913524 0.746337074 -1.19913524 0.999199296 -1.19942349 0.999199296 -0.928529424 0.599327409 -1.19913524 0.999199296 -1.19942349 0.746337074 -1.19913524 0.599327409 -1.19913524 0.999199296 -0.990023467 0.999199296 -1.19913524 0.599327409 -1.19913524 0.746337074 -1.19942349 0.999199296 -1.19913524 0.599327409 -1.0310195 0.999199296 -1.19942349 0.999199296 -1.19913524 0.964128475 0.5 0.999199296 -1.19942349 0.999199296 -0.928529424 0.599327409 -1.19913524 0.999199296 -1.19942349 0.746337074 -1.19913524 0.599327409 -1.19913524 0.999199296 -0.990023467 0.999199296 -1.19913524 0.599327409 -1.19913524 0.746337074 -1.19942349 0.999199296 -1.19913524 0.599327409 -1.0310195 0.999199296 -1.19942349 0.999199296 -1.19913524 0.746337074 -1.19913524 0.999199296 -1.19942349 0.999199296 -0.928529424 0.599327409 -1.19913524 0.999199296 -1.19942349 0.746337074 -1.19913524 0.599327409 -1.19913524 0.999199296 -0.990023467 0.999199296 -1.19913524 0.599327409 -1.19913524 1.02818477
L 1 50
U 0
iter 2 nfev 3 f 5228.24404 pginf 242.322033
x 100 -0.959681417 0.478252022 -0.889382091 0.641622214 -0.618912324 0.417579573 -0.701917273 0.478252022 -0.734224314 0.413895062 -0.927509347 0.534880812 -0.701917273 0.529809773 -0.743563422 0.438630867 -0.814580657 0.534880812 -0.659258048 0.414005147 -0.927344514 0.534556533 -0.814580657 0.673240851 -0.477744637 0.330942187 -0.889382091 0.534556533 -0.659385582 0.414182043 -0.814845963 0.478252022 -0.889382091 0.641622214 -0.618912324 0.417579573 -0.701917273 0.478252022 -0.734224314 0.413895062 -0.927509347 0.534880812 -0.701917273 0.529809773 -0.743563422 0.438630867 -0.814580657 0.534880812 -0.792896158 0.896260549 0.5 0.395319165 -0.814580657 0.673240851 -0.477744637 0.330942187 -0.889382091 0.534556533 -0.659385582 0.414182043 -0.814845963 0.478252022 -0.889382091 0.641622214 -0.618912324 0.417579573 -0.701917273 0.478252022 -0.734224314 0.413895062 -0.927509347 0.534880812 -0.701917273 0.529809773 -0.743563422 0.438630867 -0.814580657 0.534880812 -0.659258048 0.414005147 -0.927344514 0.534556533 -0.814580657 0.673240851 -0.477744637 0.330942187 -0.889382091 0.534556533 -0.659385582 0.414182043 -0.814845963 0.478252022 -0.889382091 0.641622214 -0.618912324 0.417579573 -0.701917273 0.478252022 -0.907167751 1.11515617
L 1 50
U 0
iter 3 nfev 4 f 2051.80778 pginf 98.2740221
x 100 -0.777886959 0.341764107 -0.586632862 0.456439894 -0.355049765 0.24656109 -0.542403097 0.273557718 -0.430400719 0.245216903 -0.599799482 0.416828725 -0.532814866 0.292073219 -0.437139279 0.274922835 -0.562441996 0.380008164 -0.407701949 0.219841088 -0.599617134 0.387280227 -0.594622831 0.478080227 -0.257446243 0.105178477 -0.569271914 0.410906753 -0.407923529 0.242667923 -0.602505131 0.279132594 -0.586632862 0.456439894 -0.355049765 0.24656109 -0.542403097 0.273557718 -0.430400719 0.245216903 -0.599799482 0.416828725 -0.532814866 0.292073219 -0.437139279 0.274922835 -0.562441996 0.345170209 -0.669475941 0.69384525 0.5 0.251236733 -0.626174041 0.478080227 -0.257446243 0.105178477 -0.569271914 0.410906753 -0.407923529 0.242667923 -0.602505131 0.279132594 -0.586632862 0.456439894 -0.355049765 0.24656109 -0.542403097 0.273557718 -0.430400719 0.245216903 -0.599799482 0.416828725 -0.532814866 0.292073219 -0.437139279 0.274922835 -0.562441996 0.380008164 -0.407701949 0.219841088 -0.599617134 0.387280227 -0.594622831 0.478080227 -0.257446243 0.105178477 -0.569271914 0.410906753 -0.407923529 0.242667923 -0.602505131 0.279132594 -0.586632862 0.456439894 -0.355049765 0.24656109 -0.542403097 0.233246473 -0.800771437 1.06070621
L 1 50
U 0
iter 4 nfev 5 f 648.164009 pginf 40.5944451
x 100 -0.589227773 0.256946179 -0.330845347 0.242781753 -0.0777387047 0.0889281944 -0.280907355 0.174789735 -0.197564414 0.0740844956 -0.398181987 0.139793254 -0.224541349 0.179116189 -0.188016493 0.11248982 -0.323611859 0.218427192 -0.151195228 0.0833648967 -0.382346902 0.143041024 -0.330063623 0.302690667 0.00526542356 0.0200567254 -0.376927777 0.191863683 -0.147357886 0.0629856745 -0.299371856 0.15840444 -0.356908795 0.242781753 -0.0777387047 0.0889281944 -0.280907355 0.174789735 -0.197564414 0.0740844956 -0.398181987 0.139793254 -0.224541349 0.179116189 -0.188016493 0.11248982 -0.297346702 0.129279345 -0.472118067 0.581757481 0.5 0.219633184 -0.366201331 0.328506078 0.00526542356 0.0200567254 -0.376927777 0.191863683 -0.147357886 0.0629856745 -0.299371856 0.15840444 -0.356908795 0.242781753 -0.0777387047 0.0889281944 -0.280907355 0.174789735 -0.197564414 0.0740844956 -0.398181987 0.139793254 -0.224541349 0.179116189 -0.188016493 0.11248982 -0.323611859 0.218427192 -0.151195228 0.0833648967 -0.382346902 0.143041024 -0.330063623 0.302690667 0.00526542356 0.0200567254 -0.376927777 0.191863683 -0.147357886 0.0629856745 -0.299371856 0.15840444 -0.356908795 0.242781753 -0.0777387047 0.0889281944 -0.251598559 0.0863139465 -0.777947527 0.801174626
L 1 50
U 0
iter 5 nfev 6 f 220.948962 pginf 90.9505093
x 100 -0.507334291 0.190099047 -0.0833527458 0.124263003 0.0577311638 0.00553667139 -0.0686591828 0.0687167122 -0.0238693442 -0.00677680834 -0.0894894099 0.112594892 -0.0535029514 0.0591564543 -0.0148487817 0.0102111799 -0.113918525 0.081592928 0.00739227301 -0.0100580851 -0.0967856863 0.0870877685 -0.14202495 0.156134584 0.118827683 0.0406417182 -0.120004112 0.109545609 0.00356594639 -0.00339076381 -0.0894532373 0.0307917084 -0.124644919 0.142196661 0.0577311638 0.00553667139 -0.0686591828 0.0687167122 -0.0238693442 -0.00677680834 -0.0894894099 0.112594892 -0.0535029514 0.0591564543 -0.0148487817 0.0161230792 -0.0583662295 0.0261756505 -0.332149999 0.456480615 0.5 0.171595579 -0.117749432 0.172269342 0.135129934 0.0406417182 -0.120004112 0.109545609 0.00356594639 -0.00339076381 -0.0894532373 0.0307917084 -0.124644919 0.142196661 0.0577311638 0.00553667139 -0.0686591828 0.0687167122 -0.0238693442 -0.00677680834 -0.0894894099 0.112594892 -0.0535029514 0.0591564543 -0.0148487817 0.0102111799 -0.113918525 0.081592928 0.00739227301 -0.0100580851 -0.0967856863 0.0870877685 -0.14202495 0.156134584 0.118827683 0.0406417182 -0.120004112 0.109545609 0.00356594639 -0.00339076381 -0.0894532373 0.0307917084 -0.124644919 0.142196661 0.0577311638 0.0107518748 -0.0193887482 0.00120899741 -0.342049583 0.571750463
L 1 50
U 0
iter 6 nfev 7 f 137.962002 pginf 15.2144886
x 100 -0.408222511 0.224892024 0.0769795464 -0.00485200673 0.0503906769 0.0384248763 0.0368810544 -0.00882793024 0.0133645791 -0.0274430493 0.0583062107 -0.00253245543 0.0419899516 -0.0139114589 0.0554641894 0.0241926474 0.0364099029 0.00613487904 0.00507501332 -0.0275000012 0.0592035483 -0.0131767126 0.0212180331 0.0175122438 0.0611615652 0.0505876062 0.0402170087 0.00953086763 0.0107680681 -0.0261051919 0.0567614324 -0.00627006347 0.0253308772 0.00588703916 0.0562072175 0.0384248763 0.0368810544 -0.00882793024 0.0133645791 -0.0274430493 0.0583062107 -0.00253245543 0.0419899516 -0.0139114589 0.0552504856 0.0247565355 0.0466074297 -0.00401393239 -0.18377685 0.347560422 0.5 0.238516158 0.0602020169 0.0122753818 0.0673861328 0.0556269413 0.0402170087 0.00953086763 0.0107680681 -0.0261051919 0.0567614324 -0.00627006347 0.0253308772 0.00588703916 0.0562072175 0.0384248763 0.0368810544 -0.00882793024 0.0133645791 -0.0274430493 0.0583062107 -0.00253245543 0.0419899516 -0.0139114589 0.0554641894 0.0241926474 0.0364099029 0.00613487904 0.00507501332 -0.0275000012 0.0592035483 -0.0131767126 0.0212180331 0.0175122438 0.0611615652 0.0505876062 0.0402170087 0.00953086763 0.0107680681 -0.0261051919 0.0567614324 -0.00627006347 0.0253308772 0.00588703916 0.0569401703 0.0388671702 0.0411210655 0.0127032725 -0.203389036 -0.0347053429
L 1 50
U 0
iter 7 nfev 8 f 124.085995 pginf 7.31244644
x 100 -0.428213725 0.189021945 0.0694297786 0.00342691781 0.0194125327 0.0176448924 0.0157618807 0.00239257127 0.0149337735 0.00357838532 0.0201840584 -0.00088046447 0.0179814462 -0.000220348679 0.0224322598 0.0159399719 0.0213784573 0.00822350147 0.0119719303 0.00436457199 0.0212065401 8.97929411e-05 0.021305124 0.00447383785 0.0178606773 0.0122834886 0.0231380086 0.0042545405 0.0132543693 0.00261459241 0.0231437908 0.00668949879 0.0205671488 -0.000558733784 0.0205342898 0.018200888 0.0157618807 0.00239257127 0.0149337735 0.00357838532 0.0201840584 -0.00088046447 0.0179814462 -0.000215016891 0.0224529954 0.015905372 0.018763691 0.00655323107 -0.105946356 0.301424012 0.5 0.261127088 0.0722184187 0.00677831518 0.0180163523 0.0139810058 0.0236179798 0.0042545405 0.0132543693 0.00261459241 0.0231437908 0.00668949879 0.0205671488 -0.000558733784 0.0205342898 0.018200888 0.0157618807 0.00239257127 0.0149337735 0.00357838532 0.0201840584 -0.00088046447 0.0179814462 -0.000220348679 0.0224322598 0.0159399719 0.0213784573 0.00822350147 0.0119719303 0.00436457199 0.0212065401 8.97929411e-05 0.021305124 0.00447383785 0.0178606773 0.0122834886 0.0231380086 0.0042545405 0.0132543693 0.00261459241 0.0231437908 0.00668949879 0.0205671488 -0.000550995212 0.0207181471 0.0181468335 0.0155238291 0.000136203307 0.00214716947 0.0086256437
L 1 50
U 0
iter 8 nfev 9 f 122.597885 pginf 5.09587888
x 100 -0.418037782 0.201754727 0.0429114226 0.0156167673 0.00914663967 0.00745237069 0.00782772279 0.0101264334 0.011625461 0.0127611012 0.00818726336 0.0114418307 0.00768873231 0.00974237394 0.00865709564 0.00893145562 0.00886513567 0.0107136026 0.0119670216 0.0123135446 0.0082407712 0.0115669243 0.00863729229 0.00979247482 0.00805092826 0.00550914495 0.00893467678 0.0110998529 0.0114829274 0.0125135456 0.00737952386 0.0101101009 0.00948692313 0.0102695494 0.00878788413 0.00749154808 0.00784938549 0.0101264334 0.011625461 0.0127611012 0.00818726336 0.0114418307 0.00768894072 0.00974236135 0.00866811002 0.00882837243 0.00868661472 0.00799951777 -0.0432095071 0.2590206 0.5 0.257840852 0.0771375445 0.015550174 0.00781782152 0.00522118934 0.00896219933 0.0111242453 0.0114829274 0.0125135456 0.00737952386 0.0101101009 0.00948692313 0.0102695494 0.00878788413 0.00749154808 0.00784938549 0.0101264334 0.011625461 0.0127611012 0.00818726336 0.0114418307 0.00768873231 0.00974237394 0.00865709564 0.00893145562 0.00886513567 0.0107136026 0.0119670216 0.0123135446 0.0082407712 0.0115669243 0.00863729229 0.00979247482 0.00805092826 0.00550914495 0.00893467678 0.0110998529 0.0114829274 0.0125135456 0.00737952386 0.0101101009 0.00948726913 0.010269293 0.00873828565 0.00748249488 0.00795318027 0.00712352803 0.0166548551 0.00985417786
L 1 50
U 0
iter 9 nfev 10 f 122.239487 pginf 2.73504496
x 100 -0.424735735 0.18445772 0.0476215195 0.0135542369 0.00752283924 0.00787090103 0.00902102193 0.0115746738 0.00972977308 0.0122475926 0.00843795154 0.0122613282 0.00816662919 0.0120218498 0.00723229589 0.00869129652 0.00851157074 0.010076863 0.010295 0.0120278182 0.00816325012 0.0125361098 0.00912077964 0.00936282823 0.00679400723 0.00831933976 0.00828821054 0.0107703707 0.00981136294 0.012362692 0.00739155462 0.0108756127 0.00925913452 0.0110944032 0.00694686535 0.00777564394 0.00902553529 0.0115750271 0.00972977308 0.0122475926 0.00843795154 0.0122613332 0.00816666639 0.0120211556 0.00723531973 0.0086450999 0.00829208182 0.00992213226 0.00696414492 0.220755558 0.5 0.264014492 0.0806513282 0.0160548776 0.00664763934 0.00781889824 0.00820778304 0.0107753388 0.00981192678 0.012362692 0.00739155462 0.0108756127 0.00925913452 0.0110944032 0.00694686535 0.00777564394 0.00902553529 0.0115750271 0.00972977308 0.0122475926 0.00843795154 0.0122613282 0.00816662919 0.0120218498 0.00723229589 0.00869129652 0.00851157074 0.010076863 0.010295 0.0120278182 0.00816325012 0.0125361098 0.00912077964 0.00936282823 0.00679400723 0.00831933976 0.00828821054 0.0107703707 0.00981136294 0.012362692 0.00739155462 0.01087562 0.00925919186 0.011091972 0.00688407414 0.00775860257 0.00862726793 0.0115344707 0.0237223664 -0.00361221566
L 1 50
U 0
iter 10 nfev 11 f 122.130687 pginf 1.52849686
x 100 -0.414626854 0.189975918 0.0449961395 0.0120441793 0.00955266224 0.0104914258 0.0102153925 0.0108362799 0.00956630852 0.0102172774 0.00957479173 0.010330559 0.010075458 0.0110126353 0.00949455351 0.0103674174 0.009827452 0.0101999878 0.00966959659 0.0103453393 0.00946191363 0.010573819 0.0103664107 0.0102015053 0.0096178208 0.0109506823 0.00977512426 0.0100472158 0.00967312759 0.0102533362 0.00978226866 0.0107928169 0.00993947818 0.0103741971 0.0094411529 0.0104891172 0.0102076746 0.0108364005 0.00956631848 0.0102172774 0.00957479183 0.0103305604 0.0100753871 0.0110129267 0.0094973888 0.0103965205 0.00957455447 0.0112943015 0.0284968604 0.19382065 0.5 0.265216533 0.0813173911 0.0169135833 0.00977995232 0.0109405617 0.009773655 0.0100389295 0.00967329579 0.0102533497 0.00978226866 0.0107928169 0.00993947818 0.0103741971 0.0094411529 0.0104891172 0.0102076746 0.0108364005 0.00956631848 0.0102172774 0.00957479173 0.010330559 0.010075458 0.0110126353 0.00949455351 0.0103674174 0.009827452 0.0101999878 0.00966959659 0.0103453393 0.00946191363 0.010573819 0.0103664107 0.0102015053 0.0096178208 0.0109506823 0.00977512426 0.0100472158 0.00967312759 0.0102533362 0.00978226879 0.0107928189 0.00993932811 0.0103727873 0.00943996384 0.0104885677 0.0100907613 0.0115691314 0.0144443354 -0.000371900728
L 1 50
U 0
iter 11 nfev 12 f 122.108123 pginf 0.869463181
x 100 -0.414119062 0.184866124 0.0457985519 0.0121987276 0.0105418447 0.0105821541 0.0102621306 0.0102240329 0.0101105725 0.00994093808 0.0100897919 0.0100408728 0.0103819152 0.010198081 0.0104350523 0.0104512058 0.0101779797 0.010337452 0.0100928401 0.00999364981 0.0101165714 0.0100174311 0.0101322092 0.0106197301 0.0107169418 0.0106353697 0.0101674767 0.0102315643 0.0101568616 0.00993655972 0.0103499662 0.0102916331 0.0100381729 0.0103260141 0.0105777741 0.010595395 0.0102607458 0.0102238423 0.0101105766 0.00994093826 0.010089792 0.0100408708 0.0103819096 0.0101982931 0.0104354966 0.0104616188 0.0102569495 0.0108296999 0.0217224587 0.186410344 0.5 0.26309515 0.0808884779 0.0171519776 0.010963347 0.0107156629 0.0101800858 0.0102301317 0.010156637 0.00993656502 0.0103499665 0.0102916331 0.0100381729 0.0103260141 0.0105777741 0.010595395 0.0102607458 0.0102238423 0.0101105766 0.00994093826 0.0100897919 0.0100408728 0.0103819152 0.010198081 0.0104350523 0.0104512058 0.0101779797 0.010337452 0.0100928401 0.00999364981 0.0101165714 0.0100174311 0.0101322092 0.0106197301 0.0107169418 0.0106353697 0.0101674767 0.0102315643 0.0101568616 0.00993655972 0.0103499663 0.0102916291 0.0100381223 0.0103261388 0.0105872536 0.0106009776 0.0103728637 0.0103773605 0.00793736001 0.00152041825
L 1 50
U 0
iter 12 nfev 13 f 122.096215 pginf 0.643319001
x 100 -0.410327825 0.18163476 0.044853571 0.012176275 0.0106873687 0.0103314342 0.010257291 0.00995565211 0.0104061563 0.01005415 0.0103848557 0.00998226671 0.0103965336 0.00988411046 0.0106231578 0.0102926359 0.0103802917 0.0102681187 0.0103495857 0.0100491765 0.0104547308 0.00989150413 0.0101741633 0.0104099898 0.0107127783 0.0101451704 0.0103883923 0.0102260839 0.0103914669 0.0100370707 0.0104940568 0.0100195233 0.0102639934 0.010155462 0.0107151053 0.0103402868 0.0102591984 0.00995549929 0.0104061502 0.0100541501 0.0103848557 0.00998226522 0.0103965556 0.00988411975 0.0106224841 0.0102889863 0.0105059984 0.0103555111 0.0173190965 0.176535953 0.5 0.262865906 0.0799744418 0.0168945807 0.0109353659 0.0102007307 0.0103974839 0.0102280751 0.0103912778 0.0100370631 0.010494057 0.0100195233 0.0102639934 0.010155462 0.0107151053 0.0103402868 0.0102591984 0.00995549929 0.0104061502 0.0100541501 0.0103848557 0.00998226671 0.0103965336 0.00988411046 0.0106231578 0.0102926359 0.0103802917 0.0102681187 0.0103495857 0.0100491765 0.0104547308 0.00989150413 0.0101741633 0.0104099898 0.0107127783 0.0101451704 0.0103883923 0.0102260839 0.0103914669 0.0100370707 0.0104940567 0.0100195199 0.0102640212 0.0101562983 0.010721382 0.0103437494 0.0103534578 0.00970417185 0.00718546924 0.000823673729
L 1 50
U 0
iter 13 nfev 14 f 122.083949 pginf 0.628791575
x 100 -0.40110709 0.174433297 0.0420602652 0.0119287875 0.010444824 0.0101699503 0.0102214369 0.010017647 0.0103916626 0.0101981571 0.0104193011 0.0101156893 0.0102742111 0.00996276618 0.0104210882 0.0101954194 0.0103599728 0.0102002916 0.0103528636 0.0101733902 0.0104494234 0.0100683235 0.0102410517 0.0101553162 0.0103476365 0.0100173707 0.0103786452 0.0102091455 0.0103613697 0.010180699 0.0103755336 0.0100490176 0.0103385216 0.010102244 0.0104167432 0.0101717933 0.0102228067 0.0100177112 0.0103916596 0.0101981567 0.0104193011 0.0101156897 0.0102742189 0.00996268678 0.0104202303 0.0101912845 0.0103948411 0.0100836573 0.0128598028 0.159107088 0.5 0.26203376 0.0798998848 0.0162897502 0.0105227265 0.0100301136 0.0103805217 0.0102106701 0.0103614217 0.0101806941 0.0103755331 0.0100490176 0.0103385216 0.010102244 0.0104167432 0.0101717933 0.0102228067 0.0100177112 0.0103916596 0.0101981567 0.0104193011 0.0101156893 0.0102742111 0.00996276618 0.0104210882 0.0101954194 0.0103599728 0.0102002916 0.0103528636 0.0101733902 0.0104494234 0.0100683235 0.0102410517 0.0101553162 0.0103476365 0.0100173707 0.0103786452 0.0102091455 0.0103613697 0.010180699 0.0103755335 0.0100490192 0.0103385812 0.0101026166 0.0104177216 0.010171006 0.0102311644 0.00978068004 0.00897573778 0.000184832005
L 1 50
U 0
iter 14 nfev 15 f 122.078497 pginf 0.590362156
x 100 -0.392857839 0.168307688 0.0395157347 0.0117505817 0.0102356433 0.0101227283 0.0101960885 0.0101584878 0.0102753943 0.0102629136 0.0102810145 0.010227649 0.0101838599 0.0101476328 0.0102162862 0.0101580987 0.010247663 0.0101850682 0.0102695664 0.0102440674 0.0102832425 0.0102203839 0.0102213081 0.0101186191 0.0101426322 0.0100720803 0.0102552577 0.0102115033 0.0102577934 0.0102579729 0.0102159964 0.0101556844 0.0102679958 0.0101638504 0.0101878072 0.0101195792 0.0101967533 0.0101585209 0.0102753965 0.0102629135 0.0102810145 0.0102276491 0.010183863 0.010147566 0.0102160762 0.0101536411 0.0102425811 0.0101191152 0.0122638218 0.150176681 0.5 0.263143494 0.0792109566 0.0164137354 0.0102876929 0.0100624859 0.0102533696 0.0102122245 0.0102578299 0.0102579748 0.0102159962 0.0101556844 0.0102679958 0.0101638504 0.0101878072 0.0101195792 0.0101967533 0.0101585209 0.0102753965 0.0102629135 0.0102810145 0.010227649 0.0101838599 0.0101476328 0.0102162862 0.0101580987 0.010247663 0.0101850682 0.0102695664 0.0102440674 0.0102832425 0.0102203839 0.0102213081 0.0101186191 0.0101426322 0.0100720803 0.0102552577 0.0102115033 0.0102577934 0.0102579729 0.0102159964 0.0101556862 0.010268017 0.0101639058 0.0101860922 0.0101174104 0.0101788476 0.0100729297 0.0101354179 -9.8445759e-05
L 1 50
U 0
iter 15 nfev 16 f 122.066406 pginf 0.774565292
x 100 -0.37015588 0.151687213 0.0329951304 0.0112663913 0.0098869201 0.0100319434 0.010149374 0.0103855918 0.0100930096 0.0103720723 0.010053695 0.0103953402 0.0100403928 0.010446707 0.00987461021 0.0100825461 0.0100622789 0.0101545332 0.0101415755 0.0103655212 0.0100109433 0.0104533618 0.0101988092 0.0100484223 0.00979909274 0.0101392967 0.0100500731 0.0102046684 0.0100981046 0.0103885119 0.00995455017 0.0103174063 0.0101605759 0.0102546589 0.00980715829 0.0100211125 0.0101487313 0.0103856296 0.0100930105 0.0103720728 0.010053695 0.0103953408 0.0100403879 0.0104466778 0.00987516236 0.010080264 0.009992498 0.0101903586 0.0118114653 0.134965926 0.5 0.262681042 0.0803675289 0.0162442896 0.00992908947 0.0100911823 0.010041508 0.0102039853 0.0100981707 0.0103885141 0.00995455068 0.0103174063 0.0101605759 0.0102546589 0.00980715829 0.0100211125 0.0101487313 0.0103856296 0.0100930105 0.0103720728 0.010053695 0.0103953402 0.0100403928 0.010446707 0.00987461021 0.0100825461 0.0100622789 0.0101545332 0.0101415755 0.0103655212 0.0100109433 0.0104533618 0.0101988092 0.0100484223 0.00979909274 0.0101392967 0.0100500731 0.0102046684 0.0100981046 0.0103885119 0.00995455027 0.0103174067 0.0101605445 0.0102541783 0.00980093053 0.0100184007 0.0100857021 0.0105196554 0.0120534985 -0.000609118687
L 1 50
U 0
iter 16 nfev 17 f 122.032148 pginf 1.45183899
x 100 -0.299118975 0.0990536239 0.0143362726 0.00983884574 0.00925234423 0.00995707327 0.0100748265 0.0108526946 0.00969094593 0.0105055854 0.00955629029 0.0106855036 0.00980632726 0.0110524184 0.00924983548 0.00999578994 0.00967216548 0.0101277902 0.00984334274 0.0105401013 0.00943064136 0.0108671347 0.0101275153 0.0100329368 0.00925888969 0.0104078198 0.00961666979 0.0101964577 0.00975474065 0.0105661773 0.00946684607 0.0106674139 0.00988837337 0.0104766097 0.00914599243 0.00993464246 0.0100711154 0.0108526689 0.00969094385 0.0105055869 0.00955629031 0.0106855044 0.00980630706 0.0110525344 0.00925207623 0.0100008811 0.00949995327 0.0104863434 0.0124918167 0.0995187064 0.5 0.263953268 0.0816661868 0.0165571667 0.00937208113 0.0103049388 0.00959768814 0.0101924945 0.00975478333 0.0105661804 0.00946684782 0.010667414 0.00988837336 0.0104766097 0.00914599243 0.00993464246 0.0100711154 0.0108526689 0.00969094385 0.0105055868 0.00955629033 0.0106855036 0.00980632726 0.0110524184 0.00924983548 0.00999578994 0.00967216548 0.0101277902 0.00984334274 0.0105401013 0.00943064136 0.0108671347 0.0101275153 0.0100329368 0.00925888969 0.0104078198 0.00961666979 0.0101964577 0.00975474065 0.0105661773 0.00946684614 0.0106674095 0.00988821398 0.0104750393 0.00913349718 0.00993278144 0.00995369186 0.011506421 0.0152869465 -0.0012297102
L 1 50
U 0
iter 17 nfev 19 f 122.012065 pginf 1.74989051
x 100 -0.249890511 0.0660405615 0.0038554976 0.00912564196 0.0089969576 0.00994688676 0.0100490645 0.0110476755 0.00951747071 0.0105429785 0.00934163931 0.010793683 0.00972150072 0.011303989 0.00900315448 0.00997150543 0.00950796874 0.0101216885 0.00971127684 0.010598197 0.00918328313 0.0110257121 0.0100961966 0.0100489812 0.00906350917 0.0105441976 0.00943421113 0.0101911388 0.00960757696 0.0106225959 0.00927279437 0.0108163739 0.00976691979 0.0105735411 0.00889150413 0.00992058832 0.0100439741 0.0110476062 0.00951746665 0.0105429804 0.00934163934 0.0107936839 0.00972147452 0.0113041831 0.00900614153 0.00998039627 0.00929860646 0.0106521908 0.0132007394 0.0803394788 0.5 0.264552282 0.0824936727 0.0167737546 0.0091796146 0.0104230422 0.00941148816 0.010185708 0.00960759031 0.0106225988 0.0092727966 0.0108163739 0.00976691979 0.0105735411 0.00889150413 0.00992058832 0.0100439741 0.0110476062 0.00951746665 0.0105429803 0.00934163938 0.010793683 0.00972150072 0.011303989 0.00900315448 0.00997150543 0.00950796874 0.0101216885 0.00971127684 0.010598197 0.00918328313 0.0110257121 0.0100961966 0.0100489812 0.00906350917 0.0105441976 0.00943421113 0.0101911388 0.00960757696 0.010622596 0.00927279439 0.0108163666 0.00976670206 0.0105715211 0.00887696431 0.00991958844 0.00991112326 0.0119378146 0.0165148702 -0.0014101136
L 1 50
U 0
iter 18 nfev 20 f 121.97088 pginf 1.87167954
x 100 -0.146463334 0.00975950091 -0.00959296611 0.00853414035 0.00877019119 0.0100647855 0.0100421093 0.0112956778 0.0092635996 0.0104972684 0.0090408906 0.0108662895 0.0096787122 0.0116176635 0.00877122075 0.0100250322 0.00930089773 0.0101527546 0.00950314168 0.0105977327 0.00884952942 0.0111533322 0.0100444752 0.010199047 0.00898597683 0.0108672832 0.00919927453 0.0101858524 0.00940286548 0.0106009323 0.00908499394 0.011028161 0.00956670993 0.0107291103 0.00869504781 0.010039014 0.0100348259 0.0112955182 0.00926359069 0.0104972706 0.00904089064 0.0108662902 0.00967867672 0.0116180254 0.00877517106 0.0100438478 0.00906915604 0.0110530897 0.0163283999 0.0558953107 0.5 0.265998799 0.083780269 0.017429039 0.00914017285 0.0107496696 0.00917600693 0.0101780985 0.00940279664 0.0106009326 0.00908499668 0.0110281611 0.00956670993 0.0107291103 0.00869504781 0.010039014 0.0100348259 0.0112955182 0.00926359069 0.0104972705 0.00904089071 0.0108662895 0.0096787122 0.0116176635 0.00877122075 0.0100250322 0.00930089773 0.0101527546 0.00950314168 0.0105977327 0.00884952942 0.0111533322 0.0100444752 0.010199047 0.00898597683 0.0108672832 0.00919927453 0.0101858524 0.00940286549 0.0106009324 0.0090849938 0.0110281485 0.00956640938 0.0107266001 0.00868120549 0.0100420615 0.00991516204 0.0125281427 0.0174002276 -0.00124982842
L 1 50
U 0
iter 19 nfev 21 f 121.820168 pginf 1.74702085
x 100 -0.109640964 0.0089807419 -0.00442337051 0.00904013846 0.00921264939 0.0103800678 0.0101276002 0.0111322689 0.009331088 0.0102399955 0.00915218258 0.0106188236 0.00990902931 0.0113913748 0.00917311761 0.0102395463 0.009439434 0.01024708 0.00951771283 0.0103683702 0.009010379 0.0108427926 0.0100409006 0.0104942698 0.00955857774 0.0111039689 0.00934372036 0.0101903389 0.00948351779 0.0103280404 0.00938823469 0.0109547214 0.00955909821 0.0107227767 0.00921040751 0.0103695169 0.0101204029 0.0111320257 0.00933107837 0.010239997 0.00915218264 0.0106188234 0.00990899608 0.0113918329 0.00917665391 0.0102658286 0.00930017647 0.011361732 0.0208028954 0.07731911 0.5 0.266876115 0.0838145309 0.0180963669 0.00978975645 0.011064754 0.00933332519 0.0101826759 0.00948332927 0.010328039 0.00938823676 0.0109547215 0.00955909821 0.0107227767 0.00921040751 0.0103695169 0.0101204029 0.0111320257 0.00933107837 0.010239997 0.00915218268 0.0106188236 0.00990902931 0.0113913748 0.00917311761 0.0102395463 0.009439434 0.01024708 0.00951771283 0.0103683702 0.009010379 0.0108427926 0.0100409006 0.0104942698 0.00955857774 0.0111039689 0.00934372036 0.0101903389 0.0094835178 0.0103280405 0.00938823439 0.0109547071 0.00955881467 0.0107208135 0.00920610849 0.0103779669 0.0100952451 0.0122848508 0.0147436231 -0.000164148382
L 1 50
U 0
iter 20 nfev 23 f 121.619349 pginf 1.52294424
x 100 -0.000972544312 -0.0176090852 -0.000540801839 0.00945129317 0.00967831658 0.0105196671 0.0102035634 0.0108410843 0.00955345738 0.0100838374 0.00943032502 0.0103952079 0.0100990002 0.0110204761 0.00962318894 0.0103492036 0.00968815079 0.0102835158 0.00967263524 0.0101999649 0.00934796944 0.0105310549 0.0100798983 0.0106027962 0.0100342625 0.0110456433 0.0096214511 0.0101912205 0.00967791021 0.0101525437 0.00972742893 0.0107500629 0.00970096522 0.0106106158 0.00971922395 0.0105213179 0.0101982606 0.0108407957 0.00955344516 0.0100838381 0.00943032505 0.0103952071 0.0100989813 0.0110209034 0.00962610938 0.0103751092 0.00964288039 0.0114897443 0.0229442406 0.10527935 0.5 0.266737998 0.0844380341 0.018414961 0.0103350039 0.0110610214 0.00962202809 0.0101854867 0.00967764219 0.0101525376 0.00972743011 0.0107500631 0.00970096522 0.0106106158 0.00971922395 0.0105213179 0.0101982606 0.0108407957 0.00955344516 0.0100838381 0.0094303251 0.0103952079 0.0100990002 0.0110204761 0.00962318894 0.0103492036 0.00968815079 0.0102835158 0.00967263524 0.0101999649 0.00934796944 0.0105310549 0.0100798983 0.0106027962 0.0100342625 0.0110456433 0.0096214511 0.0101912205 0.00967791021 0.0101525438 0.00972742845 0.010750049 0.0097007516 0.0106095921 0.00972124212 0.0105332595 0.0102378102 0.0116656316 0.0123601492 0.000413437733
L 1 50
U 0
iter 21 nfev 25 f 121.369638 pginf 0.955320752
x 100 0.10045465 -0.0109076409 0.00785575128 0.00954951337 0.010170494 0.00994487606 0.0101930175 0.0100810791 0.0103778729 0.010379964 0.0103808632 0.0102890299 0.0101061266 0.0100907103 0.0101982369 0.0100479418 0.010333802 0.0101159713 0.0103774307 0.0103254303 0.0103848438 0.0102614316 0.0102674866 0.00993834003 0.0100104612 0.00981603276 0.0103640441 0.0102024205 0.0103266809 0.0103885949 0.0101898556 0.0100607855 0.0104014546 0.0100895613 0.0101205565 0.00994109068 0.0101958519 0.0100811238 0.0103778623 0.0103799637 0.0103808631 0.0102890307 0.0101061484 0.0100905486 0.0101985194 0.0100406166 0.0103420898 0.0103130541 0.0145382543 0.186243644 0.5 0.262678163 0.0827265258 0.016652259 0.0102289075 0.00978089225 0.0103626125 0.0102051455 0.0103267323 0.010388582 0.0101898553 0.0100607855 0.0104014546 0.0100895613 0.0101205565 0.00994109068 0.0101958519 0.0100811238 0.0103778623 0.0103799637 0.0103808632 0.0102890299 0.0101061266 0.0100907103 0.0101982369 0.0100479418 0.010333802 0.0101159713 0.0103774307 0.0103254303 0.0103848438 0.0102614316 0.0102674866 0.00993834003 0.0100104612 0.00981603276 0.0103640441 0.0102024205 0.0103266809 0.0103885949 0.0101898554 0.0100607876 0.0104015364 0.0100903296 0.0101151209 0.00994232336 0.0101438024 0.00967303781 0.0109800792 -0.000887578666
L 1 50
U 0
iter 22 nfev 26 f 121.289251 pginf 2.37941126
x 100 0.115184381 0.0239034548 0.00703295128 0.0101706505 0.0102615119 0.0101187547 0.0101815747 0.0100755671 0.0103642367 0.0102584007 0.0104008797 0.0101718985 0.010234147 0.0100117133 0.0103152701 0.0101686616 0.0102992666 0.0102049671 0.0103317032 0.0102314643 0.0104144055 0.0101553025 0.0102217271 0.0100960973 0.0101867211 0.00999770817 0.0103066917 0.0102249875 0.0103397265 0.0102249793 0.0103160576 0.0100940843 0.0103046153 0.0101153396 0.0102784815 0.0101135581 0.0101820714 0.0100757598 0.0103642496 0.0102584003 0.0104008798 0.0101718991 0.0102341383 0.0100116066 0.0103139143 0.0101595945 0.0102924441 0.00979300246 0.0109093384 0.214962827 0.5 0.263578995 0.0769816108 0.0162388087 0.0102789916 0.00999325741 0.0103023399 0.0102258184 0.0103399132 0.0102249923 0.010316057 0.0100940843 0.0103046153 0.0101153396 0.0102784815 0.0101135581 0.0101820714 0.0100757598 0.0103642496 0.0102584003 0.0104008797 0.0101718985 0.010234147 0.0100117133 0.0103152701 0.0101686616 0.0102992666 0.0102049671 0.0103317032 0.0102314643 0.0104144055 0.0101553025 0.0102217271 0.0100960973 0.0101867211 0.00999770817 0.0103066917 0.0102249875 0.0103397265 0.0102249793 0.0103160581 0.0100940916 0.0103046773 0.0101150405 0.0102775875 0.0101043837 0.0101535077 0.00999588111 0.00933311552 0.00016428747
L 1 50
U 0
iter 23 nfev 27 f 121.128406 pginf 2.96317311
x 100 0.24836431 0.0401399334 -0.00327345458 0.0104686021 0.00984458326 0.0105026375 0.0101257943 0.0106231417 0.0098038362 0.010096622 0.00978221653 0.0102499128 0.0102312762 0.0106242229 0.00987569487 0.0103878804 0.00980448182 0.0103633318 0.00984618093 0.0101881726 0.00972566556 0.010374154 0.0100568007 0.0105256269 0.0100922418 0.0108344398 0.00971791642 0.0102515275 0.00991556206 0.0100623375 0.0100062131 0.0105983178 0.00977311523 0.010476862 0.00993806404 0.0104934005 0.0101190148 0.0106233751 0.00980387389 0.0100966227 0.00978221692 0.010249913 0.0102312075 0.0106244445 0.00987422081 0.0103955492 0.00969342683 0.0097392216 0.0115824541 0.224740807 0.5 0.265076306 0.0718267752 0.0160911584 0.0100550065 0.0108532064 0.00970630986 0.0102452818 0.00991581218 0.0100623819 0.0100062137 0.0105983179 0.00977311522 0.010476862 0.00993806404 0.0104934005 0.0101190148 0.0106233751 0.00980387389 0.0100966227 0.00978221664 0.0102499128 0.0102312762 0.0106242229 0.00987569487 0.0103878804 0.00980448182 0.0103633318 0.00984618093 0.0101881726 0.00972566556 0.010374154 0.0100568007 0.0105256269 0.0100922418 0.0108344398 0.00971791642 0.0102515275 0.00991556207 0.0100623375 0.0100062143 0.0105983238 0.00977297708 0.0104741901 0.00994154541 0.0104786227 0.0101158978 0.0115973463 0.00983120512 0.00144961811
L 1 50
U 0
iter 24 nfev 28 f 120.909702 pginf 1.81439135
x 100 0.314391348 0.0726994089 -0.00162605033 0.0100157267 0.00954166289 0.0102930215 0.010123443 0.010779973 0.00968952237 0.0102237202 0.00959279649 0.0104388734 0.0100582617 0.0108847455 0.00956054098 0.0102125624 0.00969049848 0.0102479844 0.00978350371 0.0103048552 0.00950374592 0.0105996095 0.0100865863 0.0103529056 0.00974242226 0.0107324215 0.00961933351 0.0101990727 0.00978106461 0.0102456945 0.00973029234 0.0106713012 0.00977992556 0.0104970025 0.00955899339 0.0102808101 0.0101167967 0.0107798426 0.00968954916 0.0102237226 0.00959279676 0.0104388715 0.0100582171 0.010884937 0.0095610706 0.0102176489 0.00952090838 0.00994924137 0.0109919767 0.176372851 0.5 0.25717356 0.0778261731 0.0143559749 0.00973028874 0.0106929322 0.00960379219 0.0101925767 0.00978099042 0.0102457283 0.0097302951 0.0106713013 0.00977992556 0.0104970025 0.00955899339 0.0102808101 0.0101167967 0.0107798426 0.00968954916 0.0102237226 0.00959279662 0.0104388734 0.0100582617 0.0108847455 0.00956054098 0.0102125624 0.00969049848 0.0102479844 0.00978350371 0.0103048552 0.00950374592 0.0105996095 0.0100865863 0.0103529056 0.00974242226 0.0107324215 0.00961933351 0.0101990727 0.00978106461 0.0102456945 0.00973029319 0.0106712958 0.00977965868 0.0104946399 0.00955536199 0.0102720105 0.0101029875 0.0117875278 0.0124368569 0.000430832035
L 1 50
U 0
iter 25 nfev 29 f 120.691992 pginf 1.4822932
x 100 0.340377232 0.126499946 0.0177068046 0.00971247067 0.00987303162 0.00999365723 0.0102029965 0.0103817053 0.0100823718 0.0103269221 0.0100024611 0.0103973431 0.0100413118 0.0104805387 0.0098732523 0.0100221281 0.0100689832 0.0100892045 0.0101303769 0.0103195692 0.00996828304 0.0104422016 0.0102348503 0.0100326756 0.00983749294 0.0101132515 0.0100846992 0.0101482726 0.0100604484 0.0103815726 0.00992163416 0.0102914225 0.0102012024 0.0102275275 0.00980295997 0.00998930656 0.0102025622 0.0103812843 0.0100823593 0.0103269242 0.010002461 0.0103973407 0.0100413324 0.0104805223 0.00987504527 0.0100167723 0.00999337971 0.0103312554 0.0118040786 0.1260965 0.5 0.257353202 0.0805602731 0.0146355686 0.00993062745 0.010053394 0.0100785301 0.0101474542 0.0100600718 0.0103815626 0.00992163687 0.0102914226 0.0102012024 0.0102275275 0.00980295997 0.00998930656 0.0102025622 0.0103812843 0.0100823593 0.0103269242 0.0100024612 0.0103973431 0.0100413118 0.0104805387 0.0098732523 0.0100221281 0.0100689832 0.0100892045 0.0101303769 0.0103195692 0.00996828304 0.0104422016 0.0102348503 0.0100326756 0.00983749294 0.0101132515 0.0100846992 0.0101482726 0.0100604484 0.0103815727 0.00992163378 0.0102914073 0.0102010375 0.0102275618 0.00979553381 0.00999367968 0.0102002826 0.0105172237 0.0126416495 -0.00083244077
L 1 50
U 0
iter 26 nfev 31 f 120.424477 pginf 1.46489242
x 100 0.457705169 0.196653187 0.0351075846 0.00980687797 0.0101925432 0.00990357454 0.0102598624 0.0100908992 0.0103493269 0.0103254881 0.0103027211 0.0102970273 0.0101016639 0.0101523255 0.0101793669 0.00997538625 0.0103331851 0.0100336827 0.010350568 0.0102720573 0.0103145744 0.0102584481 0.0103144961 0.00991892607 0.0100425287 0.00979991491 0.010397209 0.0101301828 0.0102664235 0.0103834152 0.0101367803 0.0100413277 0.0104461897 0.0100617626 0.0100961817 0.00990597134 0.0102630073 0.010090377 0.010349292 0.0103254897 0.0103027209 0.0102970248 0.0101017168 0.0101522068 0.0101813098 0.00996475987 0.0103343305 0.0104847553 0.0124315772 0.105568984 0.5 0.259255408 0.0793972163 0.0150501217 0.0101682556 0.00974976655 0.010398617 0.0101327024 0.0102659241 0.0103833799 0.0101367824 0.0100413278 0.0104461897 0.0100617626 0.0100961817 0.00990597134 0.0102630073 0.010090377 0.010349292 0.0103254897 0.0103027212 0.0102970273 0.0101016639 0.0101523255 0.0101793669 0.00997538625 0.0103331851 0.0100336827 0.010350568 0.0102720573 0.0103145744 0.0102584481 0.0103144961 0.00991892607 0.0100425287 0.00979991491 0.010397209 0.0101301828 0.0102664235 0.0103834153 0.0101367792 0.0100413082 0.0104461139 0.0100631515 0.0100893298 0.00991723745 0.0102825543 0.00970744858 0.0118113976 -0.00118764596
L 1 50
U 0
iter 27 nfev 33 f 120.323834 pginf 2.02475702
x 100 0.524757022 0.247159402 0.0520802627 0.0106194724 0.0102965651 0.00998828447 0.0102554924 0.0100481091 0.0103765855 0.0102887919 0.0103583713 0.0102388773 0.0101531574 0.0100776219 0.0102781749 0.0100491093 0.0103676925 0.0100827798 0.0103650227 0.0102403335 0.010378738 0.0101892463 0.0102982754 0.00999041729 0.0101596515 0.00985537874 0.0104219498 0.0101570694 0.0103071129 0.0103262191 0.0102241606 0.0100292797 0.0104322356 0.0100692527 0.0102219546 0.00999160069 0.0102587255 0.0100477723 0.0103765513 0.0102887924 0.0103583711 0.0102388763 0.010153201 0.0100775245 0.0102794048 0.0100414292 0.010395554 0.010463453 0.012545648 0.0965851384 0.5 0.26024905 0.0792145155 0.0154351315 0.0103035396 0.00982687084 0.0104253579 0.0101597946 0.0103067796 0.0103261836 0.0102241615 0.0100292798 0.0104322356 0.0100692527 0.0102219546 0.00999160069 0.0102587255 0.0100477723 0.0103765513 0.0102887924 0.0103583714 0.0102388773 0.0101531574 0.0100776219 0.0102781749 0.0100491093 0.0103676925 0.0100827798 0.0103650227 0.0102403335 0.010378738 0.0101892463 0.0102982754 0.00999041729 0.0101596515 0.00985537874 0.0104219498 0.0101570694 0.0103071129 0.0103262191 0.0102241595 0.0100292656 0.0104322291 0.0100705737 0.0102178214 0.0100018403 0.0102738229 0.00962828329 0.0109200162 -0.000849938495
L 1 50
U 0
iter 28 nfev 34 f 120.066311 pginf 2.09812979
x 100 0.598129789 0.325942457 0.0986771662 0.0142330639 0.0105605001 0.0103686903 0.010220574 0.0100226243 0.0103507469 0.010121844 0.0104222681 0.0100465843 0.0103427979 0.00994267631 0.0105246702 0.0103552177 0.0103682826 0.0102962938 0.0103076069 0.0101188785 0.010456258 0.00999511961 0.0101997775 0.0103330932 0.0105382254 0.0102353308 0.0103635168 0.0102586493 0.0103602109 0.010079953 0.010468742 0.0101023071 0.0102562513 0.0101723424 0.0105812345 0.0103731241 0.0102219434 0.0100229796 0.0103507382 0.0101218414 0.0104222681 0.0100465873 0.0103427895 0.00994269956 0.0105232288 0.0103602458 0.0104549968 0.0102845245 0.0137487846 0.0989691377 0.5 0.265444017 0.0782900504 0.0173324585 0.0107381227 0.0102891111 0.0103706571 0.0102601547 0.0103605148 0.0100799414 0.010468739 0.0101023071 0.0102562513 0.0101723424 0.0105812345 0.0103731241 0.0102219434 0.0100229796 0.0103507382 0.0101218414 0.0104222681 0.0100465843 0.0103427979 0.00994267631 0.0105246702 0.0103552177 0.0103682826 0.0102962938 0.0103076069 0.0101188785 0.010456258 0.00999511961 0.0101997775 0.0103330932 0.0105382254 0.0102353308 0.0103635168 0.0102586493 0.0103602109 0.0100799529 0.0104687416 0.0101023163 0.010256428 0.0101726548 0.010587506 0.0103739102 0.0102229155 0.00977306751 0.00778850317 0.000728774624
L 1 50
U 0
iter 29 nfev 35 f 119.577954 pginf 2.25619784
x 100 0.75619784 0.539222119 0.246141115 0.0524103442 0.0109417808 0.0101305608 0.0102798323 0.0100139409 0.0103714493 0.0102214865 0.0103679357 0.0101796573 0.0102068671 0.0100373518 0.0104021138 0.0101659752 0.0104222056 0.0101452963 0.0103655109 0.0101856724 0.0104010938 0.0101034037 0.0102829709 0.0101221227 0.0103664249 0.00999123136 0.0104558463 0.0101828669 0.0103254301 0.0102519759 0.010313139 0.0100428617 0.0103995283 0.0100997463 0.0104067825 0.0101422205 0.0102821695 0.0100136068 0.0103714984 0.0102214894 0.0103679357 0.0101796517 0.0102069016 0.0100370234 0.0104034896 0.0101644465 0.0104187204 0.0103978747 0.0144707206 0.167762296 0.5 0.255501448 0.0914147901 0.0158581005 0.0107834458 0.00999748168 0.0104665771 0.0101852736 0.0103251528 0.0102520216 0.0103131419 0.0100428613 0.0103995283 0.0100997463 0.0104067825 0.0101422205 0.0102821695 0.0100136068 0.0103714984 0.0102214894 0.0103679355 0.0101796573 0.0102068671 0.0100373518 0.0104021138 0.0101659752 0.0104222056 0.0101452963 0.0103655109 0.0101856724 0.0104010938 0.0101034037 0.0102829709 0.0101221227 0.0103664249 0.00999123136 0.0104558463 0.0101828669 0.0103254301 0.010251976 0.0103131409 0.0100428723 0.010399453 0.0101015295 0.0104049693 0.0101452962 0.0103173474 0.00944225503 0.0101272488 -0.000522015436
L 1 50
U 0
iter 30 nfev 37 f 119.177932 pginf 2.00867718
x 100 0.750634019 0.565545365 0.314055199 0.0746618885 0.0121791186 0.0103895743 0.0102271799 0.0100806486 0.0102890031 0.0101242656 0.0103393758 0.0100832803 0.0103148091 0.0100296687 0.0104631786 0.0103646276 0.0103342518 0.0102996596 0.0102688807 0.0101294907 0.0103656559 0.0100382542 0.0101927573 0.0103562008 0.0105158929 0.0103021414 0.0103170551 0.0102564774 0.0103094464 0.0100943559 0.0104106058 0.0101568266 0.0102154135 0.0102065676 0.0105313394 0.0103915447 0.0102273582 0.0100808612 0.0102890567 0.0101242667 0.010339376 0.010083279 0.0103147939 0.0100295222 0.0104624257 0.0103704673 0.0103567075 0.0102291721 0.0160619772 0.208826074 0.5 0.2647829 0.0862988592 0.0182909972 0.0109021298 0.0103580868 0.0103255374 0.0102571757 0.0103096721 0.0100944073 0.0104106064 0.0101568263 0.0102154135 0.0102065676 0.0105313394 0.0103915447 0.0102273582 0.0100808612 0.0102890567 0.0101242666 0.0103393756 0.0100832803 0.0103148091 0.0100296687 0.0104631786 0.0103646276 0.0103342518 0.0102996596 0.0102688807 0.0101294907 0.0103656559 0.0100382542 0.0101927573 0.0103562008 0.0105158929 0.0103021414 0.0103170551 0.0102564774 0.0103094464 0.0100943559 0.010410608 0.0101568484 0.0102154746 0.0102070023 0.01053604 0.0103861442 0.0102345219 0.00984589282 0.00824878422 0.000672612444
L 1 50
U 0
iter 31 nfev 38 f 119.027854 pginf 2.32837733
x 100 0.764047343 0.583675881 0.33809059 0.102920614 0.0146465557 0.0103238536 0.010209187 0.0101673906 0.0102305022 0.0101743777 0.0102548962 0.0101573155 0.0102527878 0.0101434306 0.0103071624 0.0102880525 0.0102502541 0.0102591629 0.010224214 0.0101795104 0.0102630842 0.0101429298 0.0101936925 0.0102845972 0.0103336521 0.0102719036 0.0102376818 0.0102369126 0.0102458124 0.010157803 0.0102901702 0.0102013286 0.0101944185 0.010220634 0.0103391111 0.0102999475 0.0102091068 0.0101675331 0.0102305249 0.0101743788 0.0102548962 0.0101573153 0.0102527743 0.0101433853 0.0103067256 0.010290839 0.0102597662 0.0102749625 0.0167259107 0.214633616 0.5 0.267497412 0.0820496417 0.0183984345 0.0106187087 0.0103027315 0.0102411206 0.0102371609 0.0102459626 0.0101578255 0.010290171 0.0102013285 0.0101944185 0.010220634 0.0103391111 0.0102999475 0.0102091068 0.0101675331 0.0102305249 0.0101743788 0.0102548961 0.0101573155 0.0102527878 0.0101434306 0.0103071624 0.0102880525 0.0102502541 0.0102591629 0.010224214 0.0101795104 0.0102630842 0.0101429298 0.0101936925 0.0102845972 0.0103336521 0.0102719036 0.0102376818 0.0102369126 0.0102458124 0.0101578031 0.0102901714 0.0102013385 0.0101944653 0.0102207072 0.0103413083 0.0102970383 0.0102033453 0.0100900288 0.0091995848 0.000400572848
L 1 50
U 0
iter 32 nfev 39 f 118.850561 pginf 1.69868262
x 100 0.779018414 0.6 0.373249055 0.153088516 0.0274444312 0.0104080245 0.01018813 0.0102578459 0.0101710312 0.0102128002 0.0101723083 0.010219959 0.0102044752 0.0102510735 0.0101509118 0.010208952 0.0101518059 0.0102195405 0.0101713854 0.0102201883 0.0101629148 0.0102413593 0.0101910158 0.0102168741 0.0101497964 0.0102474867 0.010145342 0.0102138795 0.0101806281 0.0102048129 0.0101767866 0.0102466116 0.0101651074 0.0102321982 0.0101437523 0.0102105397 0.010186673 0.0102579478 0.0101710088 0.0102127991 0.0101723083 0.0102199609 0.0102044673 0.010251186 0.010150499 0.0102088612 0.0101625237 0.0103545215 0.0179584872 0.202835122 0.5 0.263306965 0.0799315015 0.0166245541 0.0103075859 0.0102487012 0.010142197 0.0102133857 0.010180711 0.0102047915 0.0101767856 0.0102466118 0.0101651074 0.0102321982 0.0101437523 0.0102105397 0.010186673 0.0102579478 0.0101710088 0.0102127991 0.0101723084 0.010219959 0.0102044752 0.0102510735 0.0101509118 0.010208952 0.0101518059 0.0102195405 0.0101713854 0.0102201883 0.0101629148 0.0102413593 0.0101910158 0.0102168741 0.0101497964 0.0102474867 0.010145342 0.0102138795 0.0101806281 0.0102048128 0.0101767858 0.0102466069 0.0101651429 0.0102317007 0.0101440828 0.0102104959 0.0101736561 0.0104044595 0.0100228932 0.000223329558
L 1 50
U 1 1
iter 33 nfev 40 f 118.828741 pginf 1.34215478
x 100 0.773991895 0.6 0.371788448 0.156245173 0.0335974813 0.0108074739 0.0101892223 0.0102447965 0.0101745524 0.0101859328 0.0101888031 0.0101882529 0.0102344603 0.0102225009 0.0101976456 0.0102518559 0.0101609303 0.0102473767 0.0101690162 0.0101986385 0.0101834569 0.0102056961 0.010180004 0.0102648679 0.0102158555 0.0102947739 0.0101478861 0.0102263641 0.0101931931 0.0101676479 0.010219086 0.0102492278 0.0101476008 0.0102416388 0.0102076927 0.0102649597 0.0101853493 0.0102449673 0.0101745344 0.0101859307 0.0101888031 0.0101882554 0.0102344485 0.0102226186 0.0101968888 0.010253916 0.0101829834 0.0103466925 0.0177397396 0.186283796 0.5 0.264644857 0.0777467121 0.0167826097 0.0103396744 0.0103072175 0.0101456432 0.0102257452 0.0101933482 0.0101676301 0.0102190839 0.010249228 0.0101476009 0.0102416388 0.0102076927 0.0102649597 0.0101853493 0.0102449673 0.0101745344 0.0101859307 0.0101888032 0.010188253 0.0102344603 0.0102225009 0.0101976456 0.0102518559 0.0101609303 0.0102473767 0.0101690162 0.0101986385 0.0101834569 0.0102056961 0.010180004 0.0102648679 0.0102158555 0.0102947739 0.0101478861 0.0102263641 0.0101931931 0.0101676479 0.0102190851 0.0102492267 0.0101476554 0.0102410745 0.0102095901 0.010264 0.0101747964 0.0103938599 0.00955429229 0.000434954591
L 1 50
U 1 1
iter 34 nfev 41 f 118.816111 pginf 0.721325484
x 100 0.77628442 0.6 0.376726093 0.155437948 0.0381383093 0.0113148164 0.0102076432 0.0102194599 0.0101922404 0.0101811222 0.0102055992 0.0101811158 0.0102376659 0.0102014188 0.0102297567 0.010254694 0.0101909809 0.0102428411 0.0101870302 0.0101905378 0.0102055219 0.0101866085 0.0101886123 0.0102649403 0.0102525017 0.0102799524 0.0101807173 0.0102236278 0.0102065888 0.0101672451 0.0102367875 0.010230791 0.0101683599 0.010230679 0.0102457036 0.0102686057 0.0101978291 0.0102195346 0.0101922372 0.0101811206 0.0102055992 0.010181117 0.0102376592 0.0102014666 0.0102292366 0.0102573068 0.0102082884 0.0103521638 0.0169326799 0.173203931 0.5 0.263908942 0.0780015306 0.0166097954 0.010383244 0.010293938 0.0101803789 0.0102232195 0.010206697 0.0101672414 0.0102367858 0.010230791 0.0101683599 0.010230679 0.0102457036 0.0102686057 0.0101978291 0.0102195346 0.0101922372 0.0101811206 0.0102055992 0.0101811158 0.0102376659 0.0102014188 0.0102297567 0.010254694 0.0101909809 0.0102428411 0.0101870302 0.0101905378 0.0102055219 0.0101866085 0.0101886123 0.0102649403 0.0102525017 0.0102799524 0.0101807173 0.0102236278 0.0102065888 0.0101672451 0.0102367871 0.0102307934 0.0101683891 0.0102303984 0.0102475034 0.0102674999 0.0101960153 0.0102842497 0.00953512263 0.000375865627
L 1 50
U 1 1
iter 35 nfev 42 f 118.813137 pginf 0.61870709
x 100 0.77576525 0.6 0.375520798 0.15360514 0.0370692521 0.011515554 0.0102226111 0.010209255 0.010203125 0.0101935222 0.0102093715 0.0101935927 0.0102233659 0.0102017561 0.0102255678 0.0102326999 0.0102060297 0.010224727 0.0102009719 0.0101976531 0.0102104455 0.0101936143 0.0102002973 0.010237637 0.0102391038 0.0102425085 0.0102013751 0.010215418 0.0102095956 0.0101878227 0.0102258061 0.0102163738 0.0101923269 0.0102178905 0.0102353374 0.0102401887 0.0102061272 0.0102091849 0.0102031267 0.0101935214 0.0102093715 0.0101935931 0.010223364 0.0102017624 0.0102253769 0.0102343489 0.0102153349 0.0103533052 0.0162251019 0.169120853 0.5 0.262924745 0.0791023976 0.0164416475 0.0103892346 0.0102513355 0.0102017216 0.0102152525 0.010209638 0.0101878242 0.0102258052 0.0102163738 0.0101923269 0.0102178905 0.0102353374 0.0102401887 0.0102061272 0.0102091849 0.0102031267 0.0101935214 0.0102093714 0.0101935927 0.0102233659 0.0102017561 0.0102255678 0.0102326999 0.0102060297 0.010224727 0.0102009719 0.0101976531 0.0102104455 0.0101936143 0.0102002973 0.010237637 0.0102391038 0.0102425085 0.0102013751 0.010215418 0.0102095956 0.0101878226 0.010225806 0.010216376 0.0101923346 0.0102178226 0.0102362266 0.0102396658 0.0102074366 0.0102185728 0.00977165543 0.000221753591
L 1 50
U 1 1
iter 36 nfev 43 f 118.811393 pginf 0.224596035
x 100 0.77532966 0.6 0.374836505 0.152008401 0.0346034293 0.0115999696 0.0102423157 0.0102014936 0.0102137363 0.0102094501 0.0102120872 0.010209325 0.010206226 0.0102046656 0.0102148649 0.0102056057 0.010218159 0.010204183 0.0102146951 0.0102078271 0.0102134805 0.0102054219 0.0102125155 0.0102042878 0.0102151815 0.0101994101 0.0102197434 0.0102063569 0.0102115094 0.0102122286 0.0102100688 0.0102020645 0.0102172682 0.0102041895 0.0102155456 0.0102048873 0.0102131016 0.010201124 0.0102137385 0.0102094503 0.0102120872 0.0102093246 0.0102062281 0.0102046409 0.0102150026 0.0102057745 0.0102189051 0.0103379968 0.0151745925 0.164421834 0.5 0.262444369 0.0800537627 0.0163886889 0.0103852738 0.0102020469 0.0102204411 0.0102064543 0.0102114854 0.0102122329 0.010210069 0.0102020645 0.0102172682 0.0102041895 0.0102155456 0.0102048873 0.0102131016 0.010201124 0.0102137385 0.0102094503 0.0102120872 0.010209325 0.010206226 0.0102046656 0.0102148649 0.0102056057 0.010218159 0.010204183 0.0102146951 0.0102078271 0.0102134805 0.0102054219 0.0102125155 0.0102042878 0.0102151815 0.0101994101 0.0102197434 0.0102063569 0.0102115094 0.0102122286 0.010210069 0.0102020653 0.0102172585 0.0102043043 0.0102153684 0.0102050605 0.0102156348 0.0101648038 0.0100472021 5.50113756e-05
L 1 50
U 1 1
iter 37 nfev 44 f 118.811129 pginf 0.0323663772
x 100 0.775517126 0.6 0.374844816 0.152061219 0.0336293115 0.0114094353 0.0102431745 0.0102047225 0.0102122782 0.0102108734 0.0102108542 0.0102104837 0.0102055922 0.0102066301 0.0102102449 0.0102042264 0.0102141747 0.0102044373 0.0102129541 0.0102094804 0.0102114594 0.0102084114 0.0102115511 0.0102027096 0.0102084558 0.0101993091 0.010215562 0.0102067102 0.0102103436 0.0102129112 0.0102076164 0.0102038486 0.0102152341 0.0102049827 0.0102093811 0.0102028037 0.0102110611 0.0102041051 0.0102122733 0.0102108736 0.0102108542 0.0102104834 0.0102055932 0.010206618 0.0102103386 0.0102040928 0.0102149499 0.0103152194 0.0147701525 0.162598715 0.5 0.262922125 0.0799525723 0.0165148909 0.0103793955 0.0102018484 0.0102159285 0.010206795 0.0102103275 0.010212913 0.0102076167 0.0102038486 0.0102152341 0.0102049827 0.0102093811 0.0102028037 0.0102110611 0.0102041051 0.0102122733 0.0102108736 0.0102108542 0.0102104837 0.0102055922 0.0102066301 0.0102102449 0.0102042264 0.0102141747 0.0102044373 0.0102129541 0.0102094804 0.0102114594 0.0102084114 0.0102115511 0.0102027096 0.0102084558 0.0101993091 0.010215562 0.0102067102 0.0102103436 0.0102129112 0.0102076165 0.0102038487 0.0102152297 0.0102050494 0.0102091846 0.0102029711 0.0102117603 0.0101814075 0.0100503228 6.30061966e-05
L 1 50
U 1 1
iter 38 nfev 45 f 118.811119 pginf 0.0116593361
x 100 0.775506167 0.6 0.374978182 0.152191149 0.0334824435 0.011237657 0.0102339716 0.0102092668 0.0102083655 0.0102085127 0.0102084958 0.0102083821 0.0102084771 0.0102084057 0.0102082834 0.0102086081 0.0102081808 0.0102086703 0.0102083139 0.0102085537 0.0102084229 0.0102085403 0.0102082706 0.0102085388 0.0102081163 0.0102086534 0.0102081128 0.0102086165 0.010208462 0.0102083772 0.0102084426 0.0102085906 0.0102081807 0.0102086017 0.0102082252 0.0102085454 0.0102081892 0.0102085991 0.0102083523 0.0102085125 0.0102084958 0.0102083821 0.0102084769 0.0102084077 0.0102082786 0.0102086284 0.0102104307 0.0103028468 0.0147466242 0.162573867 0.5 0.263034849 0.0799841655 0.0165580302 0.0103789931 0.0102122226 0.0102081624 0.0102086217 0.0102084639 0.0102083768 0.0102084427 0.0102085907 0.0102081807 0.0102086017 0.0102082252 0.0102085454 0.0102081892 0.0102085991 0.0102083523 0.0102085125 0.0102084958 0.0102083821 0.0102084771 0.0102084057 0.0102082834 0.0102086081 0.0102081808 0.0102086703 0.0102083139 0.0102085537 0.0102084229 0.0102085403 0.0102082706 0.0102085388 0.0102081163 0.0102086534 0.0102081128 0.0102086165 0.010208462 0.0102083772 0.0102084426 0.0102085906 0.010208182 0.0102085967 0.0102082323 0.0102085472 0.0102077514 0.010205534 0.0100013621 0.000101882598
L 1 50
U 1 1
iter 39 nfev 46 f 118.811118 pginf 0.00885693544
x 100 0.77554858 0.6 0.374960575 0.152226278 0.0335024497 0.0112307159 0.0102311882 0.0102091837 0.010208282 0.0102083389 0.0102083631 0.0102083183 0.01020856 0.0102084668 0.0102083568 0.0102086546 0.0102081649 0.0102086506 0.0102082327 0.0102084028 0.0102083277 0.0102084275 0.0102082648 0.0102086944 0.010208399 0.0102088478 0.0102080904 0.0102085432 0.0102083735 0.0102082231 0.0102084892 0.0102086359 0.0102081026 0.0102085996 0.01020839 0.0102086982 0.0102082707 0.0102086151 0.0102082681 0.0102083386 0.0102083631 0.0102083183 0.0102085599 0.0102084677 0.0102083523 0.0102087027 0.0102102405 0.0103024815 0.0147469959 0.162566432 0.5 0.263045305 0.0800096402 0.016565002 0.0103799148 0.0102124487 0.0102081482 0.0102085423 0.0102083748 0.010208223 0.0102084892 0.0102086359 0.0102081026 0.0102085996 0.01020839 0.0102086982 0.0102082707 0.0102086151 0.0102082681 0.0102083386 0.0102083631 0.0102083183 0.01020856 0.0102084668 0.0102083568 0.0102086546 0.0102081649 0.0102086506 0.0102082327 0.0102084028 0.0102083277 0.0102084275 0.0102082648 0.0102086944 0.010208399 0.0102088478 0.0102080904 0.0102085432 0.0102083735 0.0102082231 0.0102084892 0.0102086359 0.010208103 0.0102085959 0.0102084001 0.0102086849 0.0102080818 0.0102053193 0.0100014488 0.000101995566
L 1 50
U 1 1
iter 40 nfev 47 f 118.811118 pginf 0.00221366228
x 100 0.775534061 0.6 0.374963688 0.152223682 0.0335069093 0.0112333187 0.0102310502 0.0102090861 0.0102083358 0.0102083673 0.0102083855 0.0102083533 0.0102085141 0.0102084502 0.0102083837 0.0102085779 0.0102082568 0.010208574 0.0102082997 0.0102084092 0.0102083628 0.0102084239 0.0102083195 0.0102086037 0.0102084129 0.0102087037 0.0102082074 0.010208503 0.0102083923 0.0102082911 0.0102084694 0.0102085625 0.0102082135 0.0102085394 0.010208407 0.0102086068 0.0102083241 0.0102085474 0.0102083226 0.0102083671 0.0102083855 0.0102083533 0.010208514 0.0102084507 0.010208381 0.010208624 0.0102102917 0.0103026761 0.014747974 0.1625733 0.5 0.263050675 0.0800111053 0.0165667857 0.0103800366 0.0102122933 0.0102082707 0.0102085029 0.0102083931 0.0102082911 0.0102084694 0.0102085625 0.0102082135 0.0102085394 0.010208407 0.0102086068 0.0102083241 0.0102085474 0.0102083226 0.0102083671 0.0102083855 0.0102083533 0.0102085141 0.0102084502 0.0102083837 0.0102085779 0.0102082568 0.010208574 0.0102082997 0.0102084092 0.0102083628 0.0102084239 0.0102083195 0.0102086037 0.0102084129 0.0102087037 0.0102082074 0.010208503 0.0102083923 0.0102082911 0.0102084694 0.0102085625 0.0102082137 0.0102085371 0.0102084137 0.0102085971 0.0102081708 0.0102049262 0.0100023393 0.000101338073
L 1 50
U 1 1
iter 41 nfev 48 f 118.811118 pginf 0.00141886073
x 100 0.775528741 0.6 0.374965897 0.152224929 0.0335119887 0.011234786 0.0102305363 0.0102089715 0.0102083801 0.0102083829 0.0102083887 0.0102083898 0.0102084694 0.0102084472 0.0102084062 0.0102084912 0.0102083447 0.0102084846 0.0102083589 0.0102084034 0.0102083822 0.0102084168 0.0102083778 0.0102085145 0.01020844 0.0102085642 0.0102083228 0.0102084489 0.0102083975 0.0102083521 0.010208443 0.0102084912 0.0102083226 0.0102084738 0.0102084242 0.0102085145 0.0102083882 0.0102084837 0.0102083681 0.0102083826 0.0102083887 0.0102083898 0.0102084694 0.0102084474 0.0102084056 0.0102085371 0.0102103109 0.0103027655 0.0147476024 0.162572282 0.5 0.263058104 0.0800194032 0.0165701731 0.0103803376 0.0102121458 0.0102083923 0.010208449 0.0102083978 0.0102083521 0.0102084429 0.0102084912 0.0102083226 0.0102084738 0.0102084242 0.0102085145 0.0102083882 0.0102084837 0.0102083681 0.0102083826 0.0102083887 0.0102083898 0.0102084694 0.0102084472 0.0102084062 0.0102084912 0.0102083447 0.0102084846 0.0102083589 0.0102084034 0.0102083822 0.0102084168 0.0102083778 0.0102085145 0.01020844 0.0102085642 0.0102083228 0.0102084489 0.0102083975 0.0102083521 0.0102084429 0.0102084912 0.0102083227 0.0102084729 0.0102084273 0.0102085074 0.0102083 0.0102045117 0.010003384 0.000100628062
L 1 50
U 1 1
iter 42 nfev 49 f 118.811118 pginf 0.000647095179
x 100 0.775528934 0.6 0.374968625 0.152226926 0.0335160047 0.0112367946 0.0102302871 0.0102088644 0.0102084271 0.0102084085 0.0102084043 0.0102084251 0.0102084249 0.0102084364 0.0102084253 0.0102084122 0.010208427 0.0102084072 0.0102084192 0.0102084082 0.0102084097 0.0102084161 0.0102084305 0.010208425 0.0102084476 0.0102084252 0.0102084302 0.0102084066 0.0102084105 0.0102084168 0.0102084189 0.0102084223 0.0102084272 0.010208415 0.0102084323 0.0102084229 0.0102084399 0.0102084227 0.0102084169 0.0102084083 0.0102084043 0.0102084251 0.0102084249 0.0102084363 0.0102084265 0.0102084552 0.0102103443 0.0103028518 0.0147467076 0.162566988 0.5 0.263065115 0.0800288726 0.0165736179 0.0103806403 0.0102120019 0.010208505 0.0102084074 0.0102084104 0.0102084168 0.0102084189 0.0102084223 0.0102084272 0.010208415 0.0102084323 0.0102084229 0.0102084399 0.0102084227 0.0102084169 0.0102084083 0.0102084043 0.0102084251 0.0102084249 0.0102084364 0.0102084253 0.0102084122 0.010208427 0.0102084072 0.0102084192 0.0102084082 0.0102084097 0.0102084161 0.0102084305 0.010208425 0.0102084476 0.0102084252 0.0102084302 0.0102084066 0.0102084105 0.0102084168 0.0102084189 0.0102084223 0.0102084271 0.0102084153 0.0102084319 0.0102084198 0.0102083899 0.0102041538 0.0100042805 9.99946464e-05
L 1 50
U 1 1
iter 43 nfev 50 f 118.811118 pginf 0.00010603194
x 100 0.775530052 0.6 0.374969216 0.152228716 0.0335163424 0.0112379649 0.0102306483 0.0102088706 0.0102084319 0.0102084216 0.0102084212 0.0102084237 0.0102084241 0.0102084253 0.0102084243 0.0102084221 0.0102084241 0.0102084213 0.0102084229 0.0102084214 0.0102084217 0.0102084226 0.0102084248 0.0102084243 0.0102084271 0.010208424 0.010208425 0.0102084213 0.0102084217 0.0102084229 0.010208423 0.0102084232 0.0102084246 0.0102084227 0.0102084249 0.0102084239 0.0102084261 0.0102084235 0.0102084229 0.0102084214 0.0102084212 0.0102084237 0.0102084241 0.0102084253 0.0102084252 0.0102084619 0.0102103682 0.0103028906 0.0147467568 0.162564627 0.5 0.263066144 0.080031676 0.0165743644 0.0103806925 0.010212007 0.010208499 0.0102084228 0.0102084217 0.0102084229 0.010208423 0.0102084232 0.0102084246 0.0102084227 0.0102084249 0.0102084239 0.0102084261 0.0102084235 0.0102084229 0.0102084214 0.0102084212 0.0102084237 0.0102084241 0.0102084253 0.0102084243 0.0102084221 0.0102084241 0.0102084213 0.0102084229 0.0102084214 0.0102084217 0.0102084226 0.0102084248 0.0102084243 0.0102084271 0.010208424 0.010208425 0.0102084213 0.0102084217 0.0102084229 0.010208423 0.0102084232 0.0102084246 0.0102084227 0.0102084248 0.0102084228 0.0102083428 0.0102042068 0.0100041064 0.000100072545
L 1 50
U 1 1
